0.024766
0.048825
0.000200
0.002813
0.022694
0.003264
0.102485
0.008509
0.035290
0.005565
0.010814
0.001018
0.049692
0.006065
0.004394
0.029106
0.015273
0.002083
0.006268
0.004732
0.028259
0.005303
0.002798
0.004776
0.006964
0.004064
0.000553
0.011473
0.003499
0.021126
0.020415
0.003155
0.001946
0.000892
0.002258
0.002517
0.000623
0.002173
0.011828
0.001533
0.003381
0.002964
0.005929
0.006077
0.000858
0.005591
0.003391
0.001493
0.007559
0.003764
0.002896
0.003003
0.000113
0.008783
0.038225
0.002471
0.010318
0.001236
0.002297
0.019182
0.008401
0.003250
0.001939
0.025336
0.000720
0.001788
0.002232
0.006188
0.006955
0.014318
0.009805
0.016175
0.003620
0.006364
0.001603
0.004193
0.001426
0.002684
0.001561
0.002689
0.003041
0.003348
0.004890
0.018211
0.036339
0.000739
0.000858
0.007847
0.001774
0.055693
0.012105
0.002848
0.017887
0.001325
0.002138
0.002681
0.001640
0.057929
0.003922
0.003200
