0.027150
0.030247
0.001899
0.031551
0.032149
0.044303
0.075884
0.022599
0.039670
0.042690
0.018588
0.010439
0.071027
0.002903
0.013167
0.029795
0.028632
0.002873
0.028133
0.008030
0.033797
0.011932
0.002065
0.004516
0.020048
0.003465
0.013628
0.017811
0.010348
0.038613
0.022136
0.003657
0.002214
0.008487
0.008795
0.002642
0.010667
0.006309
0.018870
0.001680
0.012821
0.018496
0.011720
0.009396
0.011277
0.009590
0.015900
0.004925
0.006207
0.001765
0.007407
0.011014
0.005755
0.006476
0.030990
0.002566
0.018737
0.011452
0.000829
0.017100
0.017344
0.016220
0.007315
0.037011
0.009129
0.007799
0.014967
0.005207
0.019849
0.021611
0.018565
0.026665
0.007253
0.010529
0.013142
0.010000
0.025127
0.007002
0.003712
0.010884
0.006893
0.006665
0.009943
0.020206
0.025260
0.006010
0.007711
0.068733
0.006436
0.062627
0.019067
0.014945
0.038993
0.016224
0.006955
0.013796
0.018438
0.045110
0.014182
0.005821
