0.404762
0.107143
0.071429
0.023810
0.053571
0.023810
0.053571
0.017857
0.005952
0.065476
0.005952
0.017857
0.047619
0.083333
0.041667
0.101190
0.125000
0.190476
0.125000
0.017857
0.136905
0.017857
0.071429
0.023810
0.113095
0.083333
0.041667
0.029762
0.119048
0.065476
0.142857
0.029762
0.021825
0.032738
0.044218
0.017262
0.049603
0.012363
0.012202
0.012798
0.020833
0.009673
0.030462
0.005952
0.005952
0.015306
0.000992
0.017857
0.034307
0.011797
0.022436
0.008313
0.015169
0.007866
0.013630
0.009409
0.027201
0.004960
0.010763
0.002381
0.020408
0.008929
0.016894
0.008618
0.013267
0.009242
0.021093
0.006823
0.015781
0.007540
0.011278
0.007299
0.015664
0.007172
0.020360
0.006614
0.011905
0.011538
0.028314
0.010760
0.024860
0.010563
0.016941
0.007236
0.012626
0.005952
0.035773
0.003472
0.007440
0.000000
0.013431
0.017857
0.007653
0.007440
0.034639
0.016747
0.022670
0.011294
0.014550
0.005952
0.005952
0.039596
0.005952
0.004464
0.005952
0.005952
0.015779
0.011905
0.009158
0.032738
0.016457
0.021592
0.017857
0.043799
0.011905
0.005952
0.022652
0.005952
0.060000
0.023172
0.011905
0.034762
0.029167
0.037037
0.020833
0.008929
0.025510
0.035714
0.000000
0.014881
0.029762
0.045635
0.035714
0.005952
0.017857
0.080782
