1.000000
0.966717
0.972769
0.477307
0.940998
0.909985
0.950076
0.833585
0.770045
0.953858
0.805598
0.827534
0.931165
0.969743
0.950832
0.990166
0.990166
0.999244
0.993192
0.749622
0.990923
0.735250
0.955371
0.956127
0.982602
0.946293
0.947050
0.888048
0.984871
0.796016
0.822995
0.708018
0.658472
0.610439
0.775232
0.650530
0.835035
0.486442
0.503290
0.558737
0.661762
0.634266
0.769044
0.478442
0.410957
0.593527
0.402673
0.608548
0.807991
0.648136
0.727860
0.580742
0.600910
0.574562
0.658456
0.592858
0.729700
0.271306
0.564151
0.320651
0.642200
0.550254
0.607013
0.534638
0.600122
0.537244
0.668897
0.493524
0.536133
0.439233
0.535602
0.451273
0.563922
0.443997
0.581514
0.391410
0.449849
0.433353
0.544854
0.453635
0.512833
0.390893
0.425361
0.316662
0.416197
0.253593
0.576010
0.251072
0.257753
0.309380
0.416899
0.141452
0.213205
0.239032
0.561936
0.354740
0.418450
0.338066
0.370735
0.195537
0.355522
0.552210
0.342663
0.221634
0.088502
0.398638
0.330812
0.199445
0.293437
0.490996
0.317367
0.380974
0.257893
0.535868
0.346319
0.226551
0.349828
0.170575
0.582375
0.332775
0.105144
0.421301
0.419970
0.461758
0.528744
0.218608
0.374541
0.289713
0.454614
0.268533
0.377005
0.492688
0.428896
0.488654
0.224660
0.716447
