1.000000
0.951020
0.934694
0.502041
0.893878
0.857143
0.922449
0.808163
0.734694
0.922449
0.763265
0.738776
0.877551
0.942857
0.930612
0.987755
0.975510
0.995918
0.971429
0.689796
0.991837
0.685714
0.942857
0.914286
0.979592
0.926531
0.938776
0.861224
0.972789
0.787755
0.807143
0.707483
0.639456
0.615306
0.783090
0.643673
0.827891
0.470958
0.492449
0.560816
0.649796
0.640306
0.765666
0.463265
0.393003
0.592614
0.378912
0.618367
0.809722
0.647421
0.728540
0.572132
0.600263
0.571210
0.650340
0.583805
0.723968
0.266667
0.563209
0.337959
0.637075
0.549572
0.604982
0.536278
0.604623
0.534801
0.671805
0.497163
0.543711
0.447456
0.546294
0.457386
0.569710
0.455422
0.585065
0.399870
0.453528
0.443768
0.550855
0.458503
0.522737
0.400115
0.436970
0.325330
0.427149
0.253061
0.580845
0.263605
0.239286
0.273469
0.427368
0.191837
0.227405
0.234694
0.567888
0.366240
0.427790
0.345578
0.378382
0.200000
0.359184
0.550799
0.320408
0.233163
0.085714
0.338776
0.340784
0.229932
0.291994
0.493351
0.324250
0.378311
0.267702
0.539628
0.342857
0.259184
0.352608
0.155102
0.580571
0.333528
0.146939
0.424327
0.416327
0.438549
0.434694
0.199320
0.364431
0.306122
0.428571
0.236735
0.360000
0.470748
0.416327
0.479592
0.231293
0.710204
