0.009582
0.033737
0.007375
0.016758
0.024058
0.003696
0.003480
0.008205
0.011892
0.012623
0.014263
0.002782
0.019458
0.005664
0.007593
0.011510
0.007090
0.003064
0.010462
0.002657
0.012705
0.004124
0.002619
0.003756
0.009612
0.005363
0.005643
0.002687
0.003316
0.007832
0.027771
0.004183
0.001943
0.016473
0.003634
0.002971
0.009288
0.004257
0.006444
0.001255
0.007136
0.005880
0.006121
0.014046
0.004546
0.001393
0.003115
0.001523
0.003405
0.002863
0.006972
0.001603
0.011836
0.002725
0.010666
0.001719
0.002592
0.017551
0.001398
0.020423
0.008734
0.002674
0.000813
0.017814
0.006637
0.006104
0.001203
0.004394
0.016203
0.005194
0.005981
0.019403
0.017468
0.014619
0.015279
0.002995
0.004377
0.012849
0.007347
0.013798
0.005880
0.009452
0.001816
0.016504
0.018038
0.002194
0.017481
0.047940
0.013736
0.017756
0.011147
0.011639
0.005036
0.002963
0.015322
0.012593
0.052148
0.009343
0.006843
0.012930
