1.000000
1.000000
1.000000
1.000000
1.000000
1.000000
1.000000
1.000000
1.000000
1.000000
1.000000
1.000000
1.000000
1.000000
1.000000
1.000000
1.000000
1.000000
1.000000
1.000000
1.000000
1.000000
1.000000
1.000000
1.000000
1.000000
1.000000
1.000000
3.000000
3.000000
4.000000
3.000000
6.000000
4.000000
7.000000
10.000000
12.000000
13.000000
20.000000
20.000000
20.000000
24.000000
34.000000
4.000000
7.000000
42.000000
6.000000
2.000000
55.000000
55.000000
65.000000
58.000000
62.000000
56.000000
69.000000
62.000000
86.000000
6.000000
73.000000
10.000000
84.000000
62.000000
68.000000
67.000000
83.000000
76.000000
103.000000
82.000000
86.000000
75.000000
76.000000
84.000000
95.000000
83.000000
88.000000
63.000000
70.000000
65.000000
74.000000
78.000000
85.000000
71.000000
52.000000
51.000000
66.000000
4.000000
101.000000
12.000000
8.000000
1.000000
78.000000
1.000000
7.000000
4.000000
83.000000
59.000000
47.000000
39.000000
54.000000
4.000000
1.000000
92.000000
2.000000
8.000000
1.000000
1.000000
63.000000
3.000000
13.000000
62.000000
34.000000
51.000000
46.000000
67.000000
6.000000
2.000000
36.000000
2.000000
50.000000
28.000000
1.000000
25.000000
10.000000
9.000000
2.000000
6.000000
7.000000
1.000000
1.000000
2.000000
5.000000
3.000000
1.000000
2.000000
3.000000
7.000000
