0.897225
0.427091
0.279794
0.494573
0.580768
0.262482
0.542196
0.308612
1.370808
0.252911
0.861655
1.021625
1.021625
0.567989
0.592503
0.534154
0.299460
0.335442
2.343186
0.635875
2.258667
1.899952
0.441459
0.437629
1.125841
1.129689
0.289548
1.133257
0.703039
0.421296
0.784502
0.710905
1.002139
0.951989
0.817086
0.812968
0.311005
1.015638
3.631847
3.514432
3.446966
2.601148
3.195076
1.535510
1.068864
0.944207
1.103176
0.825162
0.295844
0.642838
1.737784
0.766474
0.609692
1.038860
2.045518
0.486365
0.782698
0.815703
2.121044
1.111373
2.113048
0.495145
0.449390
0.254007
2.467857
0.817788
1.301785
3.044006
2.670952
1.616294
0.297132
2.810990
1.589780
4.587417
1.569846
0.859041
0.551480
1.759419
1.492282
0.618556
0.742660
0.524005
0.225011
0.751127
0.225011
3.348813
0.270828
0.700210
0.380073
0.336184
1.483537
1.765620
1.834332
0.444178
1.670705
0.766525
1.649411
1.151301
2.679861
3.086617
1.008885
2.965341
0.907126
1.569945
2.814923
3.402722
2.555018
0.903066
2.248340
1.773388
1.902424
0.234645
1.372531
0.614434
0.309893
0.279217
0.238036
1.245437
3.465407
3.631308
1.285090
0.754778
0.352987
0.788084
1.065670
1.518400
0.310269
1.567080
0.867897
1.113020
2.507764
2.301672
2.476222
2.476280
0.388919
2.672983
0.955308
1.927696
2.550968
1.672819
1.595194
1.764409
0.542196
1.105524
0.217258
1.171298
0.940348
0.367759
0.587505
0.597026
1.776438
0.898527
0.226265
2.210352
1.596396
1.991160
3.452765
4.204416
2.883592
0.697256
0.771938
2.319914
0.517054
4.716088
1.403322
0.254007
0.750548
0.226265
1.010697
0.887406
3.670536
2.030777
2.727051
0.806664
0.721375
2.207397
2.443704
1.609514
0.280035
1.186156
0.296361
0.085645
2.098785
1.190740
0.837464
1.103662
0.540550
0.569285
0.689095
0.335083
1.327970
0.471558
0.309893
4.096079
3.301087
1.288727
0.226265
0.533981
0.774078
0.254007
0.254007
2.553742
2.401829
3.003589
0.762113
0.827034
1.664361
1.513648
1.517837
0.858265
4.323067
0.179055
0.869887
3.411659
3.260603
0.359155
0.375157
2.455385
3.811754
3.523335
3.539279
2.919368
2.591466
1.954788
1.732680
3.431483
2.493821
0.632541
0.296361
3.575922
0.257118
0.560922
0.751228
0.359377
1.036789
1.561752
3.575797
2.037216
0.886120
0.613140
2.951591
2.144331
2.582730
1.204641
2.401123
2.100165
0.784073
2.038199
1.997545
1.779964
1.558460
0.793138
0.380772
2.622408
4.042444
0.285596
1.791802
0.999944
0.200494
2.625246
2.121849
0.264157
2.516062
1.468039
1.484384
1.063500
1.970719
0.485707
2.801086
0.384400
2.363501
2.033702
1.481958
1.678642
1.179484
0.681723
2.097248
1.470391
1.642480
1.351907
0.418583
0.627812
0.551054
0.458119
2.264429
0.362667
1.272753
3.373022
2.716251
0.982899
1.354580
0.275805
1.205676
1.439701
0.493994
0.524072
1.313714
4.331313
0.354337
2.754833
1.452621
1.682990
2.005514
0.982146
0.937459
1.329780
1.315504
1.692497
1.337068
2.401970
1.393635
2.117637
1.219979
1.799045
0.497512
3.170625
0.254007
1.656970
0.686644
1.089107
0.317152
0.505635
0.497178
0.514654
0.326893
0.317152
0.317152
3.509377
1.896141
0.399171
0.435179
0.738845
0.311005
0.739903
0.270982
0.367135
0.386692
0.489040
0.624334
0.619416
0.554125
0.615671
0.281979
0.074263
2.331187
2.459244
0.254007
1.175801
0.180679
0.217258
0.577487
0.577487
0.577487
2.221762
1.587598
0.712273
3.321863
0.989603
1.244769
0.270828
1.191006
0.648105
0.524919
0.865114
1.467042
1.238507
2.388071
0.296361
2.167948
1.811283
1.079511
0.971701
0.254007
1.377511
0.226265
0.516627
0.516627
0.336551
0.938443
0.518917
0.226265
1.289758
1.319255
0.296361
0.411903
0.280035
0.425971
0.590582
1.400976
0.196876
0.500348
0.712116
0.226714
0.254007
0.298841
0.196876
0.816873
0.296361
0.862324
0.280035
0.595509
1.294411
0.291903
0.411903
0.228040
1.527818
1.527818
1.527818
0.590582
1.058598
0.571264
1.118169
0.498365
0.510697
0.705840
0.800959
1.377511
0.541140
0.594254
0.590582
1.379447
1.446961
0.676938
0.394658
0.439630
0.226265
0.226265
0.254007
0.254007
0.576991
0.296361
1.014253
1.014253
1.014253
0.408493
0.789994
0.789994
0.609602
0.609602
0.609602
0.609602
0.609602
0.228296
0.458653
0.578788
0.578788
0.241196
0.439527
0.296361
1.974547
0.488399
0.466714
0.488399
0.488399
0.648542
0.798044
0.855646
0.809412
0.085645
1.679632
1.838174
2.272255
1.738479
1.606649
0.793287
0.570737
0.311005
0.340451
0.286260
0.535548
0.694270
0.286260
1.173309
1.253840
2.627889
0.807773
1.635593
0.465158
1.548591
0.522504
2.892295
2.492076
1.223114
1.008700
0.328111
1.727939
2.094680
1.299594
2.111047
2.638622
2.192495
0.341200
0.840714
0.573390
1.989942
1.802143
0.607522
1.320099
2.188530
0.587669
3.291113
2.638075
1.570069
2.216450
1.055731
1.060458
2.202271
0.878258
1.961558
0.836410
0.830053
0.722684
1.851650
2.271650
0.365858
0.738916
0.484980
1.902644
2.563950
2.458188
2.636506
3.403142
2.213897
4.505831
3.272711
1.832070
2.832581
2.373157
0.221077
1.084834
0.659342
0.226265
0.661151
1.618926
0.832737
1.234509
0.724195
2.065941
0.449390
3.037385
2.088536
4.950285
1.805621
2.625212
1.492471
1.252159
2.760604
1.682184
2.380129
1.779517
2.002621
3.723917
1.436692
2.060171
4.018379
3.191121
2.346135
3.550951
1.862175
0.811881
0.635255
0.262743
1.107741
1.532565
0.715456
2.654057
2.503925
2.739109
3.765400
0.122174
0.208716
2.541799
1.183891
1.101769
0.629509
0.595247
1.301836
0.756727
0.491135
4.103155
0.538782
1.084349
1.495967
0.291159
1.153121
0.662919
1.012680
0.264157
0.317152
0.308666
1.402174
2.566344
2.398226
0.475255
2.146131
0.408575
1.210758
2.848030
3.619025
2.257130
3.333074
1.927517
0.496149
3.704299
1.465086
0.225011
0.311005
0.296361
0.296361
0.991867
0.938347
0.652100
1.678917
0.902199
0.940967
1.020921
0.342749
0.461319
0.352707
0.479607
1.909272
2.998159
0.225011
0.327122
1.078747
0.296361
0.522529
0.296361
0.254007
0.359317
1.302429
1.322388
1.100427
0.254978
2.748528
0.270828
0.548869
1.714737
1.242123
1.560288
1.695118
0.439527
2.060499
1.756164
1.916351
2.346044
2.238622
0.984196
0.699587
1.719264
2.259287
1.334292
1.806295
1.850902
3.280914
2.446132
1.775189
2.737281
2.322457
2.032140
2.880396
0.805204
0.887469
2.752463
2.757503
0.753097
0.409508
0.769224
2.466160
3.742934
0.508607
0.344721
0.344721
0.344721
0.544114
0.344721
0.344721
1.129129
0.551262
1.343633
1.119175
1.093118
1.507264
1.176721
1.388223
1.093118
2.124237
1.399077
1.532601
4.475585
1.613135
0.663198
2.677232
3.362215
2.058782
0.840445
3.825853
2.313025
1.679696
0.558563
0.329344
0.309893
0.329344
1.179090
0.510878
0.719115
2.310012
0.548313
2.110977
0.378330
0.734277
2.061944
3.233783
4.412405
2.969771
1.996921
2.753276
2.727555
1.298213
3.552006
3.591966
1.474387
3.262458
3.215322
2.000530
2.564463
4.483256
1.427267
4.764358
3.127630
3.874217
1.726879
1.850672
1.556721
3.861171
3.182825
1.675036
2.109426
3.376656
3.227703
4.509635
3.474519
1.926527
2.191988
1.533980
0.264157
1.163137
3.471663
2.211101
2.460363
2.838872
3.389583
1.608612
1.973163
2.545047
0.674778
2.601969
2.328851
2.211799
0.713056
0.504795
2.396634
1.660864
2.514161
0.719205
1.058183
2.290260
3.933082
1.121408
0.196876
1.305939
3.315074
1.923513
2.441297
3.509411
2.955021
2.610953
1.829290
1.020064
2.028136
0.662964
1.326939
0.519893
1.073122
3.490234
1.769399
3.344962
0.496149
2.077244
3.884793
1.334084
1.294336
1.523026
1.747842
1.566729
2.577924
2.532113
1.872033
2.391356
0.756075
0.806120
0.861680
0.291389
1.197579
1.036240
1.961895
2.344327
0.411903
0.329344
0.898739
2.381196
1.922807
0.926132
1.289475
3.876718
3.513836
1.419945
2.875797
3.318457
0.383796
0.254978
0.847230
1.777555
2.048414
2.890416
1.112080
2.511455
0.375706
0.085645
0.432916
1.400774
0.644267
0.254978
1.031560
0.085645
2.229318
0.432284
0.209404
0.264157
0.458788
1.217830
1.223309
0.881238
0.418617
1.078616
0.688001
0.317449
0.806054
0.904040
0.907579
1.077506
0.787142
0.457861
1.020799
0.954792
1.710482
0.789656
1.075941
1.387492
2.251680
1.074635
1.319466
0.774190
0.784406
0.308612
0.391549
1.319186
0.784406
1.716882
1.520404
1.252689
0.268305
3.203015
0.984878
0.323964
0.677401
0.514316
0.962626
3.411316
1.701661
1.186180
0.811088
0.533018
2.955328
1.435481
0.285018
0.226265
0.228296
0.248404
2.607032
2.212765
3.071800
0.376221
0.914699
1.396042
0.196876
1.010039
0.349655
1.416004
0.981882
2.630595
2.094681
0.845085
0.475414
0.857725
0.671228
0.269959
0.477077
0.226265
0.585660
0.226265
0.874678
0.289583
0.450912
1.639538
0.451144
0.219326
0.219326
0.254007
1.738553
0.871051
0.196876
2.537039
1.072723
0.651942
0.384579
1.316680
2.481705
0.254007
1.429865
0.254007
0.462857
2.476690
0.225011
0.205025
0.386074
3.139076
3.348856
0.291176
2.220064
0.732728
1.426320
0.718693
1.085436
0.720993
0.254007
0.686174
0.425429
4.734104
3.299741
2.184490
1.207755
0.695965
0.311005
0.290463
0.264157
0.254007
4.656424
0.868963
0.853100
0.431943
0.226265
0.802668
1.097110
0.240792
0.378249
0.485809
1.145592
0.410527
0.254007
0.254007
0.348586
0.457773
0.272955
2.822609
4.852649
1.659127
2.822412
1.918226
1.141353
0.379114
2.269110
1.320090
0.670576
0.980274
1.525248
0.900498
0.756936
1.291543
1.150089
1.055079
1.125834
1.051459
1.954541
1.063834
1.065509
1.063789
1.676064
2.551807
2.471511
1.024133
1.507501
1.134616
0.721704
0.721704
1.134616
0.278843
2.941269
2.899779
1.194836
1.118470
1.120648
1.541117
1.543612
1.145729
1.391094
0.765490
1.030534
0.911189
0.999945
0.911189
1.518610
0.437319
1.175275
0.697016
0.825336
0.542196
1.153121
0.662692
1.353145
0.319812
3.114900
3.063158
3.333583
1.557664
2.068433
0.309603
0.274913
0.300540
0.780698
0.458903
0.274913
0.328243
0.528997
0.907091
0.367135
0.274913
0.274913
0.274913
0.274913
0.274913
0.528997
0.669890
0.439160
0.578277
0.226265
0.438630
0.715759
0.367135
0.546679
0.309033
1.522193
0.952624
1.364780
0.248180
0.226265
2.590438
1.734376
0.575640
1.622979
0.769047
0.432478
0.716764
1.536419
1.134057
2.761780
2.516798
0.766058
1.413483
1.437025
2.161193
1.600525
2.141150
4.357921
2.436448
1.114363
1.412860
0.668394
3.432289
0.435914
1.518236
1.307468
1.292242
2.751131
0.326347
0.285170
0.875258
0.804013
0.788687
0.637990
0.569446
3.032047
1.297397
2.289229
1.143285
0.847629
1.281828
2.219885
1.888705
0.937107
1.583164
1.948079
2.321425
2.152799
2.072862
1.948079
2.321425
2.123072
1.666491
2.516085
1.266097
1.560981
1.706700
0.927455
1.423067
0.826696
1.305124
1.944225
1.350952
1.448199
0.826696
0.518496
0.917943
1.886527
1.717646
2.123072
1.948079
0.917943
1.423067
1.999701
2.349296
2.040788
1.718461
2.353327
1.668170
1.326209
1.421926
2.474335
1.493832
1.955363
1.844738
2.941269
2.011152
1.528771
1.979623
1.388506
1.122889
1.629123
1.789486
2.152076
2.817646
1.864248
0.887590
2.029753
2.324316
0.802849
1.756325
1.275105
0.749813
0.947780
1.058054
0.673008
0.241442
1.675988
0.488576
2.348679
3.022211
3.255447
2.723622
0.707173
0.196876
0.352707
1.089925
2.636880
3.073733
1.488509
2.345748
1.376070
1.339575
0.399699
0.707590
1.022184
2.800875
0.333052
0.688534
2.703636
2.185456
2.981875
0.926849
1.691977
3.983270
3.849741
2.061008
3.593971
3.557866
0.281979
0.443303
0.427303
1.101342
0.721200
1.101342
0.747912
0.445344
0.445344
2.452259
0.743693
1.245852
0.945201
2.103752
0.337685
1.332155
0.651777
0.395070
1.347144
0.556579
0.718050
1.254082
0.651699
1.584730
0.856846
0.587667
3.676507
1.886274
2.260106
0.233184
2.680682
2.182912
0.196876
2.883644
0.820694
0.637627
1.976688
0.908256
0.935068
0.982657
1.507910
1.360070
0.691001
0.254007
1.885161
1.894031
3.749495
0.820694
3.381849
0.496887
0.449056
0.380781
1.703639
4.426335
1.817406
2.056268
3.459380
3.330324
3.076664
0.345695
4.055300
2.117214
0.510464
0.916841
0.916841
0.851774
0.329344
0.861162
1.039670
0.281145
0.718086
0.748862
0.827794
2.495939
1.226469
1.185830
0.317449
0.970291
0.826190
0.952348
0.536973
1.044464
1.033031
0.688088
1.005192
0.539793
0.189016
0.736478
0.794510
1.049911
0.317152
2.411135
2.340813
0.209404
0.691422
1.408994
1.243631
1.925936
0.532320
1.491057
1.864715
0.423538
0.880313
0.801614
3.558993
3.071352
2.168830
1.757954
1.585992
1.096384
3.248520
3.651329
0.296361
0.866799
0.226265
1.160845
2.791296
1.351073
1.575080
1.345709
0.794840
0.524109
1.037649
0.296361
2.254851
0.264157
1.435337
3.090969
1.691896
0.948786
0.085645
3.484202
0.425971
0.241196
2.347879
3.313219
2.525712
0.645250
1.480682
0.085645
0.295844
1.197870
1.258894
1.341866
0.247052
1.007066
1.430964
1.226333
0.907750
2.197941
2.519782
0.777100
2.031784
1.995040
1.644122
0.714386
0.615517
0.517290
0.792929
3.458538
1.040357
1.084125
0.713977
0.718929
1.350434
3.011694
2.816864
2.741155
1.641965
0.567234
0.228296
2.707346
0.226265
0.406959
0.834949
2.082881
1.416549
0.451027
0.336184
1.684267
0.347945
0.984404
0.297831
0.296361
0.482986
0.387602
0.265729
0.394659
0.433808
0.304247
1.712537
1.956543
0.342315
2.566501
2.525658
1.994040
3.757902
3.124364
2.769649
4.635173
3.351782
0.830464
4.261263
1.354909
1.012903
1.146549
3.445142
1.958468
3.092645
2.341737
4.335615
2.275805
4.698691
3.131416
2.053018
2.072805
3.603546
2.408802
0.942846
2.816164
0.896042
3.370844
3.169459
1.874274
2.615665
1.524691
1.573937
0.785415
1.932174
3.202605
0.507592
2.916802
1.951578
2.113348
0.183668
1.830471
1.705978
0.872066
0.795934
0.716131
2.278047
0.594785
2.777482
4.098194
1.637355
3.515735
0.767298
1.942738
3.277172
2.579111
2.321518
3.814486
1.572791
0.535076
3.092199
0.784671
1.745729
2.859931
1.902959
3.288179
1.757144
2.008461
0.704186
4.555507
1.456179
1.871947
2.897994
3.236579
3.736336
2.189171
3.134104
0.747216
1.116164
2.338731
1.417716
2.833127
2.219544
0.447970
2.891274
2.598052
0.402002
1.644009
0.196876
0.226265
2.227109
3.716002
3.657352
0.953065
1.858946
2.521452
1.064474
1.513309
2.754347
2.438590
1.624372
2.392395
2.353383
2.094857
1.516395
1.627258
0.814558
2.319842
0.964459
2.487845
1.491916
2.835265
2.548299
1.980112
1.667138
1.733971
2.063367
0.692765
1.399750
0.593949
1.800583
1.515976
2.263401
0.422261
0.883812
0.308612
0.213395
0.314462
0.308612
0.860655
0.309893
0.213395
0.813878
2.270026
0.844735
2.117826
0.956757
1.956034
2.158608
1.020705
1.693153
3.313710
1.535604
1.721001
2.543365
2.441618
1.259274
0.499136
1.205308
1.655619
0.848775
3.387201
0.679093
1.538121
2.098727
1.851619
2.016596
1.984711
2.500035
2.223579
2.333071
2.475871
1.961694
1.009355
2.634112
1.833292
0.586553
1.558424
1.107716
0.489015
1.192566
3.128532
2.078114
0.650931
1.598146
1.834948
1.211578
1.522353
1.389094
0.461881
1.144552
1.144552
0.307159
2.358321
1.292340
1.229435
3.665221
1.757329
1.907376
2.286824
0.944366
3.985168
2.916250
2.283578
1.947218
3.157913
1.822885
2.582245
2.235573
2.364086
2.888833
2.996755
0.291176
0.254007
0.254007
0.285170
1.654000
2.836067
2.691822
4.085618
2.206671
0.890035
2.684900
3.052442
0.561935
0.273364
0.831956
1.923312
0.273364
2.756608
2.245071
1.156792
0.440701
0.676746
0.293760
1.464030
0.399139
0.866787
0.505129
0.384462
1.486981
1.876711
0.989303
0.350324
0.157367
1.686615
1.985790
0.455982
1.881962
1.343567
1.383121
3.031394
3.439870
2.347825
3.379061
2.206165
2.834169
1.368848
4.811683
1.099584
0.477502
1.112225
3.640530
0.494078
0.254007
1.442830
0.715547
1.637413
1.215409
0.305899
0.921316
0.611668
0.085645
0.391919
0.241442
0.784677
1.361513
0.382827
0.449390
0.891237
0.941546
0.241442
0.447317
0.241442
0.241442
0.241442
0.683964
0.241442
0.241442
0.254007
0.382827
0.453415
0.631555
0.449390
0.241442
1.203393
0.375157
0.773358
1.203259
1.341811
1.888894
2.949958
0.198391
0.889602
0.431973
2.090666
1.814369
2.875075
3.172201
3.167134
1.326831
1.649624
0.558697
0.809769
0.635719
1.191003
0.549176
2.358204
0.502357
0.804115
0.252060
1.206345
0.296361
0.807857
0.254007
0.291176
0.296361
0.394405
1.377088
0.648082
1.222500
0.782040
1.293252
0.469357
0.478677
0.198391
0.352707
0.748193
0.413655
0.225011
2.704878
0.827253
0.308666
1.662343
0.678112
0.198391
0.649295
3.979089
0.350990
1.009215
0.888006
0.791886
1.206086
0.736311
0.788308
1.324830
0.905075
0.470749
0.311005
1.352019
0.196876
0.493994
1.767319
0.247052
1.483100
0.085645
0.704151
0.329344
0.270828
0.282571
0.196876
0.311005
0.196876
0.584290
3.592901
4.507936
0.329344
0.682082
0.247052
0.291176
0.226265
2.030228
0.461387
1.004132
0.275805
2.713940
0.247052
0.237813
0.237813
0.196876
0.575461
0.254007
0.278383
1.311300
1.942566
0.275805
0.296361
0.912142
0.264157
1.449944
3.530889
0.437319
0.329344
0.365858
0.426704
0.275805
0.329344
1.413801
0.202143
0.196876
0.865299
0.901249
0.536316
0.275805
0.967011
0.196876
0.196876
1.014848
0.617474
0.226265
0.311005
0.247052
0.533247
0.275805
0.336184
0.329344
0.365858
0.311005
1.498177
0.459350
0.275805
0.196876
0.275805
0.228296
0.196876
0.196876
0.226265
0.270828
0.441510
0.275805
0.296361
0.329344
0.311005
1.000649
2.319846
0.468643
0.347230
0.405906
0.254978
1.468446
0.913548
0.701350
1.107004
0.265309
1.022957
0.870669
0.329344
1.204991
0.725273
0.712041
0.872006
0.739182
0.996322
0.363216
0.252088
0.265309
0.563782
0.260726
0.615642
0.289419
1.650114
3.747572
0.765718
2.214597
0.580408
1.898319
0.658840
0.700290
2.989443
3.444882
2.131046
2.445201
1.352805
2.566321
2.494413
2.563550
3.470671
3.122613
1.880572
1.457278
1.093619
0.444566
0.804654
1.151284
2.753646
0.574625
1.420107
3.351128
2.243771
0.724180
1.828623
1.551185
2.422922
1.267143
3.223436
3.045812
2.228144
3.276358
1.685913
1.395580
0.522633
3.488628
0.780448
2.604278
0.653046
0.254007
3.026118
0.770466
0.722938
0.962126
0.296361
0.342239
0.484042
1.273434
1.733609
3.405222
0.756875
0.473514
1.731788
0.474192
0.891411
1.669708
0.259798
0.329344
1.124032
2.491437
1.655043
0.759257
1.127916
2.591631
1.421402
2.088206
1.534724
1.845088
1.644679
2.060671
1.752704
0.634280
1.488915
0.453326
2.763433
0.728513
1.494709
0.523816
3.467328
4.284838
0.477475
2.260554
1.349726
0.592304
1.136423
1.408447
3.280461
1.277657
1.613863
3.299821
2.798998
3.044752
3.240859
3.734742
3.149162
2.485547
0.794208
3.063291
2.530767
3.336483
3.570602
1.655961
2.913883
3.295838
3.136316
2.154393
1.935806
2.622778
2.064782
0.434321
0.515663
1.554160
2.489202
0.638844
2.445348
3.937229
2.835375
2.590637
2.641426
2.739607
2.865497
1.252858
2.224506
0.351754
1.013426
0.303941
0.525898
2.123312
0.659585
2.442030
0.960714
1.365950
1.623526
0.351754
3.054517
0.850115
0.972867
1.318555
2.147444
0.936648
1.401957
0.788448
0.230083
1.834188
0.500207
0.534360
0.701092
1.192636
0.546056
0.457268
0.254007
0.252911
0.500348
2.190472
2.003664
3.691777
3.197132
3.665541
0.406542
0.897450
2.605575
0.486276
0.517720
0.411903
2.546320
0.733140
0.308612
0.834954
1.983590
0.804502
2.575105
0.603576
1.850787
2.946030
0.521387
0.533122
2.804314
1.386876
0.270828
1.012897
1.552620
1.254098
0.890933
0.270096
0.282367
0.668464
0.470030
0.804659
2.590862
1.173114
1.554149
0.467642
0.479462
0.264157
0.845113
0.598872
0.434820
1.954224
2.080595
3.085110
6.121596
1.710166
0.575377
1.266479
0.494597
2.409588
2.308585
0.495648
0.866608
0.631964
0.208327
0.748329
0.901239
0.838189
1.021625
2.518561
0.422154
0.295019
1.399230
1.469217
0.264157
0.254007
0.658041
2.871506
0.254007
0.948900
0.226265
0.516627
1.844353
0.308612
1.920381
0.551480
0.968823
0.491258
2.036077
0.308612
2.434212
0.254007
0.541219
0.940825
1.774625
0.308653
0.500453
0.583499
0.228296
0.976589
0.309893
0.180679
0.309893
0.264157
1.464915
0.586202
0.287803
2.837841
0.226714
0.444178
1.243567
1.450976
0.435747
2.694040
2.873021
0.180679
0.809276
1.978046
2.079964
3.277620
3.204432
3.029733
1.574167
0.509384
1.048959
1.539739
2.345875
1.713557
0.586940
1.909110
1.645076
0.953595
1.506903
4.657374
2.564598
1.751688
0.517509
3.498593
3.298641
2.173219
0.281979
0.861097
0.711226
1.159917
2.341203
1.513182
3.315427
1.354716
2.135179
1.030534
1.538569
1.030534
1.283240
1.030827
1.030534
1.030534
1.448874
0.857107
1.144665
0.570008
0.828518
1.394906
1.195340
1.030534
1.583911
0.609767
2.585197
1.546848
1.546848
1.546848
1.230519
2.008569
1.240867
0.397775
1.888260
0.354399
1.813838
2.779575
0.489467
3.081098
1.372306
4.080660
1.195462
2.232182
3.168166
2.290309
3.922483
3.129875
0.620358
0.895545
1.952842
0.254007
0.282367
0.759461
0.725151
2.265680
1.156417
2.433435
1.783977
0.940333
0.660672
3.326360
1.903967
2.713301
2.907298
0.948388
0.716526
0.104930
3.020080
2.150590
0.209404
0.490392
1.238241
3.968338
0.878272
1.239966
1.153820
1.117982
0.168696
0.677131
1.097446
1.553427
1.470214
0.248689
2.617315
0.600309
2.123431
1.692929
2.056879
0.862551
1.704920
1.225602
0.504401
0.254007
0.461319
0.609830
0.982250
3.207141
0.382189
1.300164
1.876389
0.856649
1.030404
1.062204
0.783749
0.608032
1.211387
0.636264
1.706831
3.060306
0.410326
0.789882
2.314649
1.110144
1.096424
0.282367
2.117762
0.687830
3.410789
1.003086
2.996848
1.946555
3.501209
3.396678
2.323664
0.749158
1.693748
1.236829
1.126974
0.378330
0.085645
3.700658
0.360405
0.805043
2.217714
2.728527
3.240240
2.591256
2.289098
3.379827
2.548068
2.540486
2.992863
3.277795
2.472855
3.176450
1.647807
2.224418
2.678033
2.586214
2.597261
1.037595
4.051215
3.402147
3.034768
2.540831
2.541195
3.714349
3.021451
1.717510
2.068730
2.207423
2.795560
2.390152
1.872688
0.638984
0.495988
3.113860
3.094826
1.210367
1.681032
0.663642
2.589890
2.604963
2.679636
1.479037
2.871532
3.273315
0.926857
3.383230
3.080846
2.973104
3.582982
0.887573
3.270909
3.181540
2.583201
2.506307
2.339967
2.174782
1.018191
3.065463
3.044325
2.985220
2.976064
0.980469
3.475741
2.741352
2.360195
3.457510
2.943317
3.069757
3.266094
3.533886
2.413105
2.551957
3.032661
2.627023
3.829892
2.116899
2.956452
2.977567
3.413816
3.125909
2.502555
2.848064
0.466179
3.345025
1.709362
3.239587
3.753347
0.995766
2.489081
1.685381
2.606257
2.999563
2.892916
2.974756
0.512029
0.563734
1.990443
3.202552
0.736782
0.593385
0.252911
1.856794
2.560366
2.245074
1.636950
1.175145
3.012243
1.853329
1.966566
2.025655
1.124963
1.830249
2.208128
2.486110
0.780000
1.641537
2.030055
1.221525
3.279753
3.717003
1.849388
1.699829
0.346894
0.435914
0.729030
0.352707
1.420616
3.016753
1.137243
0.681705
2.434008
0.878971
2.752932
2.925262
2.966722
2.399945
2.346869
2.689589
1.058576
1.100563
0.450853
0.191777
2.890005
1.462447
2.049735
1.681099
0.634618
0.770527
2.719087
3.145218
3.051115
1.755387
1.339439
2.865073
1.231419
2.082827
2.019089
2.072436
3.349855
2.423596
2.842443
0.575159
0.438406
0.570302
1.186090
1.526748
0.122174
0.225011
1.177668
4.435642
2.726555
4.879147
3.184157
0.541675
0.308612
2.006257
1.865381
2.041121
1.690937
0.598607
0.598607
0.533463
1.273003
1.555564
0.648403
1.816154
0.860719
1.204867
2.414471
2.292226
2.604061
2.495732
1.125535
2.151338
1.639865
2.372799
3.083282
1.900211
0.824217
0.666641
0.646769
1.821522
2.079511
0.745437
1.130003
0.935760
1.598146
0.566639
0.286104
3.996063
3.461497
0.665800
0.665276
1.067692
0.567856
0.785497
1.614725
0.749560
1.675631
0.425807
1.159863
0.914983
0.774058
0.715613
1.755961
0.995963
0.643967
1.660984
1.003366
3.914430
3.691995
3.049275
3.698604
3.848027
3.766120
4.163595
1.999582
1.069881
0.264157
0.631964
2.093535
0.918239
0.844023
1.788322
1.199576
1.827592
0.378330
0.600851
2.215801
2.025287
2.185749
2.095460
0.196876
1.263346
2.667887
3.096337
0.772979
2.438579
0.946121
1.574284
0.440408
0.955000
1.164418
1.148198
0.830308
0.588772
0.817098
2.172451
0.265404
0.385442
0.253180
0.198377
3.779220
2.319608
2.427139
2.153456
1.908527
1.072627
0.268305
1.239897
0.344721
0.252060
0.264157
0.226265
0.226265
0.436459
0.295844
0.906134
0.759815
1.122293
0.643328
3.190932
2.489189
1.199742
2.578636
1.705049
2.009312
1.329025
1.689639
1.784864
2.132312
1.444591
1.502139
0.500348
0.085645
0.289419
0.329344
2.267412
1.033509
0.226265
0.765490
0.180679
0.226265
0.226265
1.335003
0.228040
0.226265
0.254007
0.354337
1.066413
0.254007
0.317152
0.336184
0.469340
0.226265
0.226265
0.254007
0.462940
0.226265
0.199937
0.309893
0.254007
0.296361
0.226265
0.226265
0.352707
0.180679
0.226265
0.226265
0.254007
0.419027
0.984959
0.225011
0.225011
0.226265
0.198196
0.226265
0.286260
0.873575
0.500348
2.105920
1.307171
0.329344
0.270828
0.180679
0.226265
0.226265
0.486460
0.226265
0.168696
0.226265
0.336551
0.534956
0.354337
0.296361
0.226265
0.226265
0.180679
0.289636
0.180679
0.226265
0.180679
0.744475
0.196876
0.336184
0.225011
1.366105
0.878992
3.611480
0.196876
0.774960
0.226265
0.317152
0.180679
0.296361
0.329344
0.826696
0.180679
0.308850
0.226265
0.459546
0.180679
0.291903
0.306068
0.226265
0.226265
0.275805
0.225011
0.618556
0.534178
0.759963
1.810823
2.048476
1.494055
0.735983
2.182468
1.381353
1.477881
3.044860
0.209112
2.477105
0.810724
0.296361
1.425029
2.040747
1.049812
0.644953
0.712867
0.233184
0.440701
0.921666
0.381264
4.102638
2.048763
1.230994
0.820655
0.787073
4.337523
0.380901
1.717589
2.789601
0.254007
2.244594
2.746198
0.264157
1.978615
1.609370
0.264157
0.215677
0.291176
0.954926
0.894108
0.500598
0.682270
2.347294
1.065127
1.176304
1.129418
0.225011
2.125481
3.479556
1.040426
1.656446
0.296361
1.041511
2.204553
1.664828
0.518709
1.257794
0.379437
2.963703
0.444705
0.958164
0.196876
0.254007
0.576157
0.180679
0.281979
0.505582
1.047956
1.563682
0.254007
0.296361
0.405906
1.548439
2.332673
1.560563
0.793999
0.575939
2.462410
0.512231
1.592916
0.790571
0.698971
0.298841
1.923036
2.912035
2.779817
0.404675
0.995776
1.475545
0.392985
1.342085
0.686066
2.267064
2.201934
0.296361
1.451828
1.229787
1.045754
1.494246
0.526020
1.771387
2.466651
2.313661
3.707173
3.129003
3.100729
0.270828
1.178564
0.350036
0.228296
1.118549
2.899537
3.737503
1.452178
0.336184
3.103140
0.994850
1.739931
2.463044
1.498773
2.215172
0.372117
1.856434
1.295001
0.247052
1.216862
2.085579
2.720562
0.085645
1.406459
1.430226
1.430226
3.058704
0.645048
2.794653
1.693019
1.930727
0.226265
0.826431
1.834971
1.600400
0.872045
1.697539
1.192503
0.789875
0.950069
0.254007
1.058553
1.365727
3.228769
1.377758
1.100960
1.605436
3.173316
0.802608
0.757052
1.070380
2.957980
2.660779
2.218958
1.425210
0.296361
0.469340
0.308612
0.449390
0.696653
0.976313
1.281939
2.415707
1.013617
0.450853
1.478395
0.529777
0.335892
0.764554
0.308666
0.308666
0.270828
0.505129
0.238722
1.002815
0.757750
0.446469
1.515424
0.696993
0.641918
1.234947
0.329344
0.312465
0.712867
0.270458
0.329344
0.226265
0.241442
1.614662
0.518496
0.571902
0.226265
0.308868
3.455778
2.815051
3.608086
3.234385
1.229485
0.352707
0.311005
2.351677
3.997650
3.188231
0.837171
0.485089
0.491303
0.419027
1.304665
0.237813
0.802263
0.180679
1.185046
1.562138
0.986498
1.549678
0.638984
3.283301
2.112248
2.527594
2.349685
0.675968
0.646530
0.919572
3.079288
1.922816
3.062302
1.139732
3.323546
0.935315
2.339515
0.287150
1.728036
2.564002
2.613701
1.403833
2.379874
3.113533
1.872701
1.695186
1.574936
2.487728
2.735559
3.611270
1.932611
2.727338
1.592917
2.713652
1.898079
2.175746
1.841727
0.682499
2.367430
2.888616
2.210395
1.481300
2.596661
3.055042
4.384315
2.101860
2.079996
4.077879
2.314890
4.183310
1.660970
1.788216
3.423128
1.686662
1.846577
3.051605
3.111164
3.532600
1.250397
2.339097
1.526900
1.597302
3.600621
3.911424
2.481855
2.743992
2.424295
1.395758
1.402747
3.030744
2.868425
1.741471
3.711304
1.698870
2.298656
1.644405
1.242845
2.825823
2.079367
5.015392
2.272671
2.041624
1.711687
1.800530
1.553982
1.447803
1.077633
1.459695
1.648241
2.067407
2.717503
1.895223
2.062196
2.158933
2.001905
1.908951
0.933794
2.119106
1.724957
2.608486
2.994773
3.142431
2.215592
2.673616
2.995474
2.156601
3.777524
1.992098
2.343880
1.222025
1.346580
2.021344
0.969553
0.329344
3.382818
1.410806
2.712329
1.460948
1.530027
1.394996
3.739272
1.594526
2.250160
0.225011
3.157707
1.521452
1.400457
0.860074
1.886814
0.553651
2.902560
2.913755
1.727985
3.140131
2.545079
2.927954
0.199937
3.806380
3.275338
2.572282
3.378032
3.444661
3.053976
2.884458
0.669971
1.266222
0.799394
2.256067
1.356108
1.884236
2.648501
2.285679
0.890162
1.828243
3.948568
1.748827
0.259928
2.200139
1.557805
0.289419
3.509666
2.942308
1.539930
1.134286
1.399436
1.030534
0.898496
1.743002
1.030534
1.055003
1.625258
0.898496
2.175133
3.756178
2.842417
1.498311
0.862030
1.376722
2.678298
3.131838
0.420638
1.755890
0.932599
0.226265
2.634261
2.123608
0.993419
0.352707
0.272217
0.772374
0.469340
0.279392
0.448415
0.196876
0.307089
2.598546
1.578341
2.138582
2.779772
1.049009
1.448112
1.522470
1.523691
1.132986
0.694778
2.400670
3.435061
0.380068
0.494799
0.987771
2.321902
2.572178
1.116181
5.374589
2.649828
4.019861
2.021454
2.315927
0.629648
0.480496
0.745966
0.461319
2.316983
2.530951
2.613867
2.548667
0.525838
2.454681
0.453303
0.226265
2.218824
2.116401
0.741125
0.477502
0.492676
0.450063
0.693410
0.736425
0.180679
0.483128
0.254007
0.198420
0.474023
0.625597
0.436728
0.751787
1.220952
0.196876
0.378330
1.869238
0.646354
2.372401
2.731255
0.440701
0.973077
0.085645
0.997303
0.789434
0.270828
2.695609
0.291176
2.445707
0.254007
0.707456
0.351754
0.085645
3.039255
0.296361
0.815811
0.198196
0.296361
0.291176
1.244397
1.426211
0.196876
0.308850
0.296361
0.085645
1.193053
0.824104
0.446469
0.493905
0.377125
1.179907
0.838301
0.838301
0.296361
0.296361
1.654438
0.254007
1.930046
0.296361
0.296361
0.264157
0.975719
1.135744
0.614801
3.303134
0.510464
0.848325
0.270828
0.254007
0.509384
0.226265
0.311005
0.360940
0.180679
0.781237
0.291176
0.228296
1.575471
1.250695
0.413468
0.912989
0.278953
0.296361
0.264157
1.799474
1.014966
1.206345
0.275805
1.465648
0.225011
0.788792
0.296361
0.752654
0.329344
0.270828
0.291176
0.500348
0.738720
0.675628
0.507198
0.496149
3.743747
0.427015
1.897964
0.317152
0.364228
0.252060
0.329344
0.461452
2.132262
0.352708
0.974611
0.551087
0.291176
0.876268
0.865297
0.468885
2.719186
0.529729
0.386692
1.773230
3.020448
0.264157
0.275805
1.761610
1.945086
1.314159
0.296361
1.639192
1.504260
0.104930
0.342239
0.270828
1.921121
0.930687
0.226265
0.405738
0.226265
0.639456
0.611019
0.360940
1.224678
1.420516
2.453361
0.293420
0.309893
0.196876
0.821149
1.077733
0.711519
0.634816
1.019508
0.209404
1.520812
0.264157
0.868783
0.546233
0.196876
0.415426
0.388221
0.424202
1.093118
0.766812
1.612724
0.515312
1.800009
0.180679
0.296361
1.339364
0.196876
0.085645
0.778021
0.085645
0.085645
0.465680
0.296361
0.225011
1.590304
1.195837
0.534178
0.424202
1.319255
0.640112
0.936129
0.813227
0.296361
0.680739
1.063834
0.447317
0.336551
0.254007
0.410093
2.315880
2.611120
0.649985
2.091670
1.204070
1.391459
0.295019
0.392458
2.085077
2.664574
0.586024
0.264157
0.505129
0.732596
1.399920
0.817632
0.311005
0.254007
0.254007
0.352707
0.774977
2.488288
0.147500
0.289548
1.019801
0.362748
0.446868
0.639984
1.542735
2.176436
0.180679
2.804717
0.450280
1.848163
0.551527
0.427394
0.199937
2.711001
1.739409
0.226265
3.140224
2.460935
0.312261
2.680375
0.773291
0.254007
0.254007
0.404991
0.602165
0.281979
0.230466
0.228296
1.235537
0.168696
0.226265
0.833392
0.379437
0.225011
0.704564
0.296361
0.496149
3.775407
0.208328
0.367135
0.335146
0.335146
0.290463
0.430694
2.105048
0.228296
0.291176
0.528997
0.279700
0.336184
0.238036
0.264157
1.607882
0.448751
0.466179
0.306516
1.726205
0.424202
0.832194
0.601280
0.209257
0.180679
0.778254
0.270828
0.225011
0.438145
0.252060
1.691965
0.329344
0.449390
0.254007
0.296361
0.209404
0.178523
0.593949
0.281979
1.751196
0.525677
0.936638
0.461000
1.369743
0.461000
0.376048
0.658472
0.395070
0.196876
0.578788
0.296361
0.342749
0.542695
0.297535
1.427178
0.509818
0.180679
1.897180
2.445340
0.254007
0.748299
1.927891
0.540546
0.957379
1.032183
1.353223
1.623115
0.661969
0.428954
0.264157
1.287506
0.505872
1.311825
0.740633
0.296361
0.915605
0.890138
0.378024
0.268305
0.270828
0.270828
1.534947
0.404675
0.505872
0.542196
0.505129
0.198196
0.296361
0.209404
3.167059
0.196876
0.471806
0.467221
0.296361
0.291176
0.494372
0.682925
0.196876
0.168696
1.379764
0.296361
0.168696
3.498598
0.317152
1.284401
0.264157
0.383459
0.085645
0.311005
0.449390
0.367391
0.875371
1.238559
0.296361
0.880431
1.742345
1.055432
0.885568
0.336184
2.030416
2.033417
1.370287
0.264157
1.642754
1.684440
0.226265
0.691422
0.350443
0.638452
0.563259
0.488647
0.254007
0.565256
0.308612
0.591921
3.658187
0.506788
0.596781
0.254007
0.421768
0.254007
0.744475
1.597894
0.587956
1.631357
1.317716
0.329528
0.847383
0.226265
0.296361
1.241585
1.038959
1.879445
2.074252
0.254007
0.273364
0.367135
0.209404
0.449390
0.933271
0.241997
0.264157
0.085645
0.426704
0.335892
0.335892
0.265707
0.254007
0.365858
0.786100
0.294877
0.540047
0.540047
0.254007
0.226265
0.461319
0.168696
0.478730
2.419096
0.352707
0.492076
1.529371
1.026933
1.289363
1.257435
1.317796
0.241442
0.329344
1.037819
0.243472
0.438145
0.168696
3.029863
0.209404
0.215677
0.598309
2.971751
0.750055
0.629861
2.805129
0.438488
0.612902
1.007260
1.063450
0.790569
1.017257
0.609826
1.486590
2.442890
0.776894
0.196876
2.200981
0.196876
0.867903
0.832876
0.281979
0.281979
1.362038
0.571504
1.856090
1.447349
0.909725
1.565409
2.229371
0.457922
0.474558
1.668287
0.296361
0.738197
1.749535
3.206570
0.296361
0.436974
0.275805
2.862793
0.524005
0.254007
0.119214
0.264157
0.226265
0.830116
0.341395
0.254007
1.918360
2.280151
0.296361
1.351487
0.296361
1.217750
0.911189
0.450853
0.887482
0.254007
0.254978
1.020458
0.849830
0.196876
1.360674
2.253428
0.296361
0.379406
0.351754
1.520451
0.974403
0.114283
1.172903
0.200459
0.180679
0.295019
0.688368
0.308612
0.392458
0.311005
0.391280
0.445852
0.497957
0.226265
0.226265
0.551480
0.528997
1.160286
0.408375
0.494310
0.228296
0.390617
0.745669
0.309893
0.226265
0.226265
0.180679
0.254007
0.947156
0.663939
0.377307
0.296361
0.611715
2.192792
0.311005
0.419027
0.827460
0.773249
0.085645
1.889200
1.388155
0.857952
0.226265
0.226265
3.380508
0.180679
0.412044
0.286936
1.245799
2.628846
0.352707
0.564856
1.164685
2.556748
0.354337
0.168696
0.544258
0.254007
0.726100
1.854164
0.270828
0.323249
0.198391
0.168696
0.463347
0.395070
0.565915
0.226265
0.180679
0.180679
1.147781
0.709464
0.387690
0.645585
1.221667
0.254978
0.816455
0.270828
1.088864
1.334131
0.291176
0.893023
2.863409
0.196876
0.291176
0.287803
0.296361
0.329344
0.085645
0.665503
0.634936
0.718663
0.494310
0.151637
0.811035
0.496149
0.342318
0.342318
0.360940
0.264157
0.254007
0.226265
1.075267
0.999458
0.616454
2.391940
0.296361
0.598815
1.438544
1.799393
0.486460
0.196876
0.226265
0.326658
1.908047
1.998994
0.308612
1.096883
0.658623
1.779193
2.425472
1.622018
0.254007
0.288925
0.291176
0.254007
0.296361
1.344142
1.169957
0.254007
0.571766
0.827912
0.763678
0.458835
0.516627
0.308612
3.211296
0.511348
0.173250
0.569024
0.378543
0.593138
2.866014
1.601674
0.226265
1.444759
1.156185
1.756483
1.327557
0.196876
0.281979
0.168696
0.254007
0.254007
2.022454
0.296361
0.718965
0.728202
0.219326
0.712590
2.383820
1.910987
0.914737
0.431788
0.431788
0.669890
1.152770
0.254007
0.386692
0.282367
0.978783
1.867694
0.407344
1.268611
1.524403
1.395808
0.694803
0.866929
2.572308
0.272955
2.157061
0.296361
0.296361
0.296361
0.296361
0.196876
0.509818
0.906478
2.338312
1.648557
1.610979
2.091417
1.538908
2.168228
1.926883
0.329344
1.476104
1.776225
1.098146
3.907143
0.903903
0.847543
0.511517
1.184229
0.196876
0.942155
2.331167
1.145006
1.990887
1.021448
1.316602
1.161884
1.528103
0.254007
0.551921
0.667344
0.607719
1.118718
0.705422
1.823497
0.821805
0.449390
0.449390
1.755192
0.992426
2.015601
0.264157
0.215677
0.459952
0.485132
0.785019
0.269462
0.866285
0.254007
1.750764
0.254007
0.513180
0.608146
0.764118
1.699736
1.150751
0.459587
0.682681
1.584168
0.234646
0.180679
0.180679
0.225011
0.957471
2.568935
1.875441
0.254007
4.099648
0.308653
0.424611
1.014759
0.289419
1.533942
0.682083
0.788687
2.087785
3.409546
1.964127
0.254007
0.254007
0.326658
0.598851
0.414883
1.879901
1.879901
1.842531
1.842531
0.264157
0.329965
1.193904
0.352707
1.929432
0.281979
1.670107
0.691772
1.515998
0.410633
0.586912
0.296361
1.631597
2.330455
0.850262
0.512047
3.608742
1.635758
0.270828
0.291176
1.482832
1.638267
1.589803
0.564571
0.254978
2.214726
0.395070
0.336184
0.664750
1.431460
0.806924
0.085645
0.166563
1.611925
2.413022
0.544795
0.397249
0.226265
0.226265
0.265309
0.264157
0.469956
0.587956
0.641343
0.308666
0.309893
0.309893
0.766677
0.346894
0.769384
0.254509
1.301968
0.405906
1.087338
0.296361
0.968921
0.180679
0.283464
1.221754
0.485672
0.453838
0.238722
0.466179
1.930313
0.496149
1.136102
0.226265
0.226265
0.198391
2.821262
0.085645
0.762430
1.234502
1.695428
2.328853
0.254007
0.196876
0.377125
0.563423
2.518560
0.228296
0.420168
0.299886
0.225011
0.729788
1.084954
0.254007
0.272189
0.272189
0.281979
0.584723
0.296361
0.414883
0.196876
0.296361
0.254007
0.226265
0.173250
0.244536
0.474123
1.459339
0.291176
0.291176
0.493951
2.386323
0.196876
0.515312
0.202059
0.352707
0.322201
0.226265
0.577285
0.291773
2.195765
0.296361
0.570140
0.510464
0.209404
0.291176
0.226265
2.539909
1.031337
2.549687
0.668394
0.311005
2.345027
3.444237
2.350326
1.926614
3.113097
3.551448
0.329344
0.580871
1.670200
0.528997
0.528997
0.196876
0.463917
2.250811
0.995706
1.513368
0.270828
0.974426
0.309893
0.279392
0.329344
0.147500
0.209404
0.507261
0.591620
2.600973
0.241196
0.294877
1.704364
0.438145
0.681637
0.535390
0.296361
0.691422
0.444566
0.329344
0.200459
0.254007
0.646123
0.463455
0.541140
0.541140
0.291176
0.264157
0.395667
0.296361
0.434375
0.230466
0.588848
0.264157
0.844185
0.264157
0.761140
0.329344
0.558533
0.226265
0.781125
0.270828
1.153636
1.153636
3.402549
3.386094
0.329344
0.687255
0.328111
0.270828
0.890342
0.270828
1.051229
0.528997
0.367135
0.367135
0.582187
1.733132
0.225011
0.254007
0.731403
0.576603
2.841218
0.542713
0.296361
0.352707
0.679651
0.254007
0.602207
0.264157
0.395070
0.431587
0.234241
0.264157
0.798457
0.786152
0.462865
0.255496
0.225011
1.509083
0.629314
0.561330
0.524352
0.238036
0.281979
0.819448
1.216392
1.565643
0.254007
0.225011
0.528997
0.212538
0.152351
0.254007
3.582455
0.287757
0.631964
0.339433
1.918264
0.461319
1.579427
1.270998
0.743147
2.052681
0.226265
1.877511
1.986186
0.417638
0.254007
1.840044
1.083343
0.634698
0.952265
0.254007
0.329344
0.180679
0.420638
0.254007
0.254007
0.270828
1.085109
0.180679
1.501123
2.459387
1.530158
2.666516
0.834949
0.225011
0.074263
0.457691
1.898332
0.311005
0.495823
0.542196
0.329344
0.252060
1.390058
1.405709
0.888515
0.425429
0.296361
0.526654
0.254007
0.230006
0.296361
1.018317
0.264157
0.969158
0.273364
0.731272
2.351677
1.207757
1.036513
0.350443
0.760329
0.226265
1.602375
1.358095
1.332574
0.537387
0.289636
0.754275
0.395070
0.198391
1.183495
0.376221
1.669735
0.252911
0.448447
0.247871
0.180679
0.125649
0.395839
0.939204
1.547365
0.461319
0.549035
0.241196
0.590560
0.296361
0.296361
0.296361
0.438145
0.254007
0.412066
3.111704
3.062864
0.621669
2.190635
0.473821
0.641901
0.972180
1.527239
0.085645
0.168696
1.360877
1.756420
1.574195
1.903125
1.069007
0.262094
0.329344
0.454712
0.209404
0.418687
0.180679
0.228296
1.093213
2.905840
1.570445
0.291176
0.267281
0.180679
2.849514
0.317152
3.571564
1.684767
2.152226
0.378330
0.228296
0.518257
0.352707
1.003151
0.387602
0.387602
1.403734
0.824747
1.722419
0.085645
0.085645
0.486367
0.429657
0.189417
3.068130
0.583520
0.265707
0.173250
0.598309
1.266471
0.686646
0.695839
0.598309
1.115627
0.740633
0.644519
1.054189
0.938492
0.485132
2.169396
1.273496
0.534037
2.908527
1.788259
0.209404
0.631964
0.180679
0.264157
0.870045
0.504969
0.270828
1.498036
0.254007
0.845970
0.254007
4.475907
0.662540
3.468934
2.186590
0.496149
0.609116
0.363946
0.363946
0.238722
1.833868
0.264157
1.174867
0.991658
0.254007
0.226265
0.260726
0.226265
0.405906
0.296361
0.584286
0.528440
0.196876
0.196876
0.275805
0.291176
0.275805
3.138803
0.281979
0.196876
0.247052
0.329344
2.243224
0.215677
1.598323
0.254007
2.408552
2.456511
0.264157
1.586381
0.282367
0.806258
1.872958
0.588417
2.020493
0.226265
0.281979
0.629648
0.734589
0.529396
0.651549
1.477420
1.053334
0.122174
2.041880
0.317152
0.274913
0.816179
0.403815
0.517720
0.173250
0.517720
0.886050
0.198391
2.501696
1.043119
0.433808
0.265707
0.611496
1.040878
0.631305
2.389440
0.226265
0.296361
0.047121
1.100261
0.225011
0.254007
0.252060
0.932160
1.230541
0.219326
0.196876
0.226265
1.552699
0.254978
0.238036
0.252060
0.601152
0.209404
0.439746
0.440636
0.440636
1.699663
0.180679
0.302891
0.490996
0.252060
0.329344
2.458246
0.180679
0.518768
0.275805
0.447393
0.646963
1.199032
0.289636
0.198391
0.852560
1.036865
0.085645
0.254007
1.350947
0.352707
1.057979
1.199121
0.254007
0.405906
0.715773
0.196876
0.432419
0.943586
2.075699
0.520629
0.868860
0.219326
2.903662
2.484490
0.850222
1.692679
0.180679
0.566803
0.505129
0.528997
0.890418
0.226265
0.337512
0.500419
0.296361
0.226265
2.316583
2.643492
0.889960
0.919885
0.623961
0.476677
0.225011
0.226265
0.226265
0.827496
0.226265
1.180241
0.122174
0.773103
0.296361
1.402451
0.299886
1.063564
1.500443
0.849883
0.196876
0.438623
0.296361
0.754905
0.484632
0.418176
0.352707
0.254007
0.254007
0.254007
2.161659
0.335892
0.466179
1.104299
2.229597
3.488476
2.215564
0.336184
0.342749
0.329344
0.106785
1.673177
0.327240
0.180679
0.162315
0.562952
1.282873
1.159901
2.554443
0.226265
1.280059
2.666829
0.085645
0.254007
0.432228
0.207374
0.290463
1.793548
0.785145
0.418583
0.296361
2.265500
1.752816
0.254007
0.518163
0.776061
0.173250
0.838343
0.264157
0.941623
1.008933
1.024223
0.180679
0.085645
0.902268
0.173250
0.264396
0.085645
0.226265
0.226265
0.596013
0.503898
0.580735
1.274022
0.390537
0.296361
0.918351
0.921267
0.804792
0.411903
1.472421
1.035331
0.469340
0.226265
0.329344
0.328111
0.584466
0.085645
0.935302
0.487198
0.291176
0.708753
2.878121
0.296361
0.969183
0.695112
0.226265
0.505635
0.341395
0.569215
0.575258
0.647496
0.296361
0.551209
0.296361
0.289548
0.254007
2.331252
0.484705
2.331252
1.605398
1.700269
0.226265
0.612873
2.348204
0.296361
0.329344
0.790668
2.685858
0.450853
0.226265
0.180679
0.351553
1.145589
1.041142
0.085645
0.311005
0.946635
0.787346
1.518007
0.296361
1.570773
0.278843
0.756776
0.473821
0.281999
1.942065
0.740078
0.168696
1.199643
0.371912
1.070519
0.692765
0.588495
0.196876
0.453050
2.819400
2.300053
0.254007
1.146026
0.387602
1.717706
0.518163
0.469340
0.648556
0.542196
1.643334
0.510697
0.226265
0.180679
0.352707
0.461319
0.441969
1.026242
2.216585
2.755496
0.803003
1.264652
0.270828
0.296361
0.466179
1.686994
0.682083
0.296361
0.226265
0.296361
2.592103
0.264157
0.483661
0.226265
0.496149
1.191835
1.928735
0.502002
0.226265
0.226265
1.474238
0.395372
0.254007
1.036841
0.296361
0.270828
2.033923
1.049487
0.609759
0.423609
0.270828
0.443655
0.226265
0.246993
0.352707
1.344127
0.196876
0.222942
0.695697
0.264157
1.037031
1.358879
0.484980
0.957577
1.004134
1.132460
0.085645
3.380963
0.377931
0.714375
0.449390
0.706339
0.551183
0.582535
1.341811
1.615103
0.286936
2.133452
1.991007
0.700043
0.998308
2.571265
3.272721
0.762107
0.296361
0.254007
2.727089
0.599831
0.295019
0.360940
0.265707
1.249660
0.528997
0.662304
0.908247
0.510714
0.643130
0.441510
0.180679
0.254007
0.308663
0.147500
0.514702
0.180679
0.226265
1.232201
2.726884
2.967357
0.509939
0.528997
0.254007
0.670938
0.670938
0.541219
1.241469
0.296361
0.360940
2.405141
0.522050
0.196876
2.625648
2.188825
1.416456
1.213116
0.567978
2.439921
0.888562
0.254007
0.264157
0.873776
0.528997
0.168696
0.796228
1.204132
1.021415
0.421768
0.942147
0.352707
0.514090
0.225011
0.456662
1.946930
0.641336
0.887482
0.732360
2.076748
2.205711
0.254007
0.919803
0.793228
0.408493
0.557634
0.377314
0.473821
2.625717
0.252060
0.252060
0.252060
1.903649
1.894374
1.223108
0.863658
0.308663
0.651699
0.199937
0.180679
1.359468
1.568148
1.875869
1.201438
0.258493
0.583162
0.336551
0.215677
0.296361
0.391549
0.658926
0.763534
0.792245
0.349006
2.283479
0.354337
0.413454
0.180679
0.317152
1.240400
0.380442
0.673716
1.019117
0.569225
1.013167
0.504718
0.237062
0.602390
2.240183
0.254007
1.414954
0.785497
0.477297
0.351754
0.351754
0.497316
2.152371
2.300327
0.350036
1.217157
1.226473
0.394742
1.041906
3.479334
0.154187
0.264157
0.254007
0.254007
0.369230
0.747857
0.226265
0.180679
2.503885
1.131298
0.085645
1.069750
0.296361
0.936355
1.419588
0.528997
0.389753
1.716977
1.145006
0.542196
0.254007
0.413646
0.942958
1.189377
1.283238
0.696010
0.808255
0.352707
0.898876
0.354337
0.697617
0.264157
2.802795
0.598742
0.730107
0.180679
2.268773
0.493097
1.857992
2.874832
0.311005
0.500348
1.243823
0.264659
0.311005
0.225011
0.651699
0.927222
1.394064
0.254007
0.196876
0.799071
0.614261
0.439873
2.518120
0.463917
0.226265
3.554969
3.333999
0.230466
0.449390
0.701771
1.879693
0.865267
1.569536
1.610410
0.225011
2.225266
0.615530
0.180679
0.717016
0.225011
0.254007
0.085645
0.180679
0.730298
3.062393
0.926566
0.492691
1.078747
0.268305
0.665518
1.278988
0.226265
0.317152
0.850210
0.856528
3.446656
0.616603
2.001904
1.130831
0.652865
2.633184
0.317152
0.196876
0.861880
0.417132
1.123060
0.270828
0.529777
0.180679
0.241442
0.329965
0.766577
2.101420
0.551644
2.776946
1.059433
0.296361
2.955615
0.226265
1.018297
1.186163
0.275805
0.329344
2.100847
0.845204
0.618125
0.199937
0.196876
0.432887
0.405906
2.304488
0.254007
0.296361
0.226265
1.401435
1.045546
0.618556
0.296361
0.757935
0.247052
0.291176
2.791427
0.317152
0.226265
0.406143
0.354337
0.724589
2.585748
0.180679
0.943152
0.291903
0.226265
0.180679
2.932510
0.836521
0.740633
1.782967
0.586262
1.857063
0.496077
1.392541
1.317458
0.296361
0.180679
0.522355
0.947044
0.446623
0.524352
1.289739
0.311005
0.742660
0.309893
0.308653
0.085645
0.281979
0.225011
0.296361
0.180679
1.020830
0.857910
0.846338
0.333052
1.422521
1.106967
1.178711
0.289636
0.873035
0.480739
0.265707
0.295844
0.476613
0.439025
1.146134
0.829461
0.740190
0.444566
1.684617
0.592177
1.882909
1.270237
0.534178
1.163282
1.619059
0.719950
0.196876
1.068695
0.296361
0.640931
0.296361
0.296361
0.639984
0.747804
1.772161
0.295019
0.252060
0.669370
0.254007
0.586202
0.226265
0.408956
2.011450
0.226265
3.255281
0.291176
0.890251
0.957157
1.187998
0.386692
0.561320
1.764370
0.180679
2.432413
0.196876
0.475977
0.477906
0.296361
0.296361
0.342239
0.574625
0.747804
2.496971
1.018490
0.270828
0.279217
0.295844
0.516015
0.296361
0.270828
0.784160
0.644846
0.180679
0.283613
1.839315
0.282367
0.909014
0.443655
0.311005
0.254007
0.225011
1.047406
0.740681
3.013869
1.972479
0.223567
0.679051
0.505129
0.618630
2.241948
0.521387
0.496149
0.370510
0.226265
0.567010
0.528997
0.411903
0.834949
1.847219
0.535390
0.254007
0.296361
0.348569
0.348569
1.155505
1.101044
0.168696
0.252060
2.429199
0.515312
0.226265
1.076828
0.386692
1.051216
1.050021
0.817906
1.251371
2.270311
0.226265
0.424313
0.270828
0.226265
1.191587
0.180679
0.264157
0.317152
0.684964
0.254007
0.456662
0.834532
0.414893
1.707155
0.832509
0.746148
0.505129
1.274533
0.998421
2.941108
1.535622
2.066653
1.683084
0.779889
1.876943
0.254007
0.390043
0.296361
0.286936
0.180679
0.390954
0.437979
1.408431
1.551008
1.290031
1.435763
1.248863
0.196876
0.289908
2.098253
0.440384
0.798295
0.168696
2.438597
1.591211
0.590582
0.264157
1.413203
0.577283
1.191264
1.466531
1.191726
0.196876
0.264157
0.378330
0.895881
1.282282
0.226265
2.768265
0.270828
0.226265
0.471488
0.225011
1.088146
0.226265
0.226265
0.296361
0.311005
0.896291
0.418217
0.270828
0.891912
1.134492
0.917673
0.254007
0.647427
0.180679
0.311005
2.107665
0.741442
0.457240
1.498336
1.578454
0.308401
0.595017
0.264157
0.122174
0.866678
0.317152
0.180679
1.513809
2.820449
0.996882
0.545942
1.720941
0.296361
0.329344
0.228296
1.268074
0.775613
0.802055
0.254007
1.779971
1.603356
0.674761
0.451237
1.106870
0.317152
0.248689
2.436517
0.358993
0.296361
0.682083
0.696557
1.227996
0.599650
0.196876
0.954281
0.264157
1.281236
0.449390
0.199487
0.451493
0.405906
0.377125
0.649394
0.738167
0.772742
0.491258
1.300219
0.744475
1.206345
0.254007
0.391549
0.184364
0.893632
0.624471
1.239564
1.077855
1.603074
0.329344
0.912885
0.378888
0.576867
1.639470
0.254007
0.254007
0.196876
0.196876
0.862997
0.309893
0.515335
0.254007
0.704372
0.612561
0.264157
0.594424
2.140367
0.270828
0.254007
0.623736
0.534102
0.275805
0.580950
0.329344
0.254007
0.354249
1.169110
0.180543
1.308712
1.850276
1.544642
0.209404
1.393433
0.264157
2.078691
0.202143
0.971831
1.208685
2.049630
0.381274
0.264157
1.989893
0.839994
0.225011
0.461319
0.317152
0.296361
0.563423
0.475725
0.475725
0.354337
0.449383
0.569225
2.029413
0.699601
0.608032
1.765908
2.188655
0.766549
2.731229
0.728223
0.580342
1.421360
2.330588
1.206345
1.317458
0.657606
0.495040
0.226265
2.416570
0.461319
1.421360
0.568534
0.122174
0.254007
0.912542
0.944714
1.219780
2.082245
0.362246
0.296361
2.167398
0.718655
0.860690
0.308666
0.225011
0.367135
1.034779
2.124136
0.515335
0.254007
0.226265
0.168696
0.687358
0.196876
0.288925
2.166932
0.627115
0.085645
0.196876
0.296361
0.904868
0.876188
0.296361
1.080553
0.226265
2.690623
1.506235
0.296361
0.552374
0.270828
0.225011
0.264157
1.906722
2.086330
1.258982
0.542843
0.254007
0.451539
2.609827
0.254978
0.607451
0.351754
0.168696
0.496149
0.425971
0.258493
0.798552
0.628623
0.308612
0.264157
1.276926
1.059883
0.460525
2.780565
0.469340
0.281979
0.275805
1.450702
0.403507
0.254007
0.457037
1.022032
1.775075
0.508409
0.644430
0.917287
1.494066
0.226265
0.329344
0.487513
0.180679
0.313811
0.587956
1.460840
0.317152
0.531636
0.352707
0.473821
0.295844
0.936130
0.936130
0.942671
0.921921
0.238722
0.412755
0.295844
0.449390
0.542633
1.443580
0.705637
0.196876
1.577625
0.252060
0.571342
0.287396
1.234555
0.226265
2.102842
0.254007
1.048959
0.367135
1.115282
0.264157
0.226714
0.225011
1.986841
1.612177
0.354337
1.260467
1.209491
0.776936
1.829442
0.976469
0.254007
0.309893
0.270828
1.389957
0.349314
0.349314
0.948008
1.813201
0.473821
0.226265
0.745980
2.297944
0.785305
0.296922
0.452716
0.411068
0.535701
0.631964
0.085645
0.296361
0.085645
2.550073
0.281979
0.264296
0.683631
2.077019
1.592676
0.755714
0.463263
1.444300
1.402270
1.150314
0.226265
0.942147
0.270828
1.906457
0.226265
0.254007
0.228913
0.329344
0.701990
0.303941
0.297535
0.881011
1.503060
0.914322
1.159638
0.196876
0.180679
1.354432
0.523409
1.553021
0.448025
1.553021
1.907952
0.254007
0.336184
1.310670
2.131140
0.296361
0.264157
0.173250
0.260726
0.505110
0.178523
0.514702
0.180679
0.296361
0.861386
0.226265
0.497594
0.264157
0.226265
0.226265
1.755482
1.218592
0.085645
2.382376
2.742213
1.288028
1.288028
0.281979
1.948350
0.552408
1.272753
2.035020
0.620872
0.459546
0.306516
0.226265
0.705129
0.575377
0.199937
0.445903
0.296361
1.983292
1.339970
0.376288
0.180679
0.225011
0.829853
0.296361
3.296219
0.842432
0.677248
0.222942
0.291176
0.845345
0.326893
0.926317
1.101718
2.527027
0.085645
4.318737
0.275805
2.384430
1.442345
0.909401
0.376847
1.418231
1.166988
1.237926
0.739853
0.425971
0.425971
0.693137
1.398065
0.225011
0.254007
0.463917
0.674466
0.485190
0.706454
0.226265
0.226265
1.883407
0.649295
1.448471
0.404502
0.725009
0.352707
0.270828
0.226265
0.329807
0.180679
0.296361
0.520504
0.247052
0.460534
0.485796
0.254007
0.180679
1.722094
2.434081
1.203137
0.507560
0.254007
0.394823
0.337604
0.511937
0.168696
0.254007
1.012324
0.296361
1.065431
1.032667
1.369585
1.271692
1.276926
0.225011
0.312261
1.767411
0.225011
0.495040
0.226265
0.397285
0.279052
0.280207
0.226265
0.681855
0.464724
0.329344
1.048950
1.014818
0.296361
0.241442
0.296361
0.960958
0.286936
0.254007
0.853421
0.533122
0.995002
1.060136
2.584969
1.246133
1.224830
0.360077
0.085645
0.367135
1.501139
0.252911
1.676931
1.980876
0.913940
1.159920
0.180679
0.584637
2.615327
1.174599
0.180679
0.311005
0.360940
0.427536
0.301606
0.790320
1.532501
1.325308
0.881608
0.386692
3.156466
0.196876
1.315549
2.620066
1.319646
0.352707
0.837566
2.266814
0.226265
0.254007
0.862740
0.238722
0.226265
0.196876
0.434696
1.348881
0.264157
0.378888
1.527375
0.254007
1.827592
1.265658
0.528997
0.528997
0.180679
0.270828
0.254007
1.062876
0.225011
0.532584
2.316057
0.619377
1.339024
0.453106
0.270873
0.639099
0.226265
1.096465
0.268305
0.147500
0.425971
0.555202
1.224228
0.296361
0.908951
1.071139
0.436974
0.350956
0.395070
0.308666
0.308666
1.716073
1.326963
0.793798
0.296361
0.296361
0.500453
0.196876
0.226265
0.351754
0.877322
2.489762
0.742609
0.717238
1.374130
0.254007
0.972312
0.281979
0.254007
0.180679
0.485567
0.226265
1.187455
0.744760
0.264157
0.182664
0.878877
0.182664
0.410598
0.352707
0.495988
0.557016
0.282367
0.254007
1.633172
1.963006
1.971706
2.659381
0.178565
0.180679
0.458653
0.226265
0.254007
0.477475
0.228296
0.486939
0.226265
0.411903
0.180679
0.279392
0.281979
0.180679
0.234241
0.254007
0.536256
0.196876
1.206345
0.425971
0.395070
2.147041
0.180679
0.270828
0.238722
3.010151
1.048950
0.336184
0.336184
1.970051
0.254007
2.059220
0.868514
0.254007
0.723156
0.226265
0.383167
0.296361
1.157054
0.469340
0.901747
0.805160
0.254007
0.793990
0.226265
0.329344
0.447844
1.716974
0.308612
1.464123
0.282367
2.327927
0.222942
0.180679
1.552005
2.948484
1.524407
0.264157
0.254007
0.196876
0.290463
1.477211
0.252060
0.226265
0.822601
0.733741
0.590154
0.711726
0.295019
1.685700
0.209404
0.254007
0.308663
0.296361
0.254007
0.473821
0.444705
0.909946
0.254007
1.906885
0.967748
0.326325
1.771619
0.254007
0.796228
0.270828
0.451237
1.195598
0.530470
0.254007
2.847636
1.601627
0.366324
0.165248
0.173250
0.774906
0.270852
0.574418
0.565137
0.280313
0.254978
0.296361
0.789285
0.225011
0.225011
0.422341
0.956444
1.181470
0.962626
0.923798
1.405127
1.393393
0.296361
0.586645
1.942411
1.983090
0.254007
1.211415
0.772453
0.500703
0.697200
1.978361
0.497321
0.998716
3.078183
1.979895
0.669890
0.964636
0.588527
0.367135
1.145920
0.400244
0.449056
0.307938
0.291176
0.539965
0.180679
0.395070
2.250905
0.317449
1.460068
2.707317
1.719716
1.406994
2.094255
0.317152
0.863113
0.225011
0.180679
0.226265
0.574625
1.366561
0.604199
1.520952
1.076665
0.180679
0.367135
1.918979
0.894067
0.122174
0.352707
0.595462
1.144359
1.092961
0.787923
1.485543
0.473821
0.443712
0.613890
1.469303
1.048877
0.404991
0.744513
0.805626
0.254007
0.226265
0.670578
1.975882
0.466179
0.270828
0.413754
0.296361
0.635232
1.147647
2.314938
1.228474
0.180679
1.509504
0.807986
0.299886
0.965662
0.899025
1.497349
2.675982
1.190995
1.054567
0.839794
0.632438
0.254007
0.749901
0.209404
0.560480
1.134996
1.448781
0.286104
0.264157
0.466179
0.311005
0.508209
0.235887
0.254007
0.275428
0.085645
0.085645
1.721469
0.171357
0.291176
0.296361
0.676746
1.661255
0.282367
2.442413
0.371362
0.550888
0.529076
0.570341
1.664913
1.813120
0.347230
0.254007
0.317152
0.309893
0.883837
2.547388
0.354337
0.307938
0.624471
0.405070
0.254007
0.485439
0.264157
1.237133
0.254007
0.209404
2.200932
0.274043
2.753150
0.910007
0.296361
0.296361
0.465745
1.024088
0.670223
0.602854
2.055675
0.714926
1.472831
0.273364
0.627570
1.862085
0.329344
0.631305
0.264157
0.783099
1.445492
1.269703
0.317152
1.205053
0.446469
0.468770
1.312445
0.860927
0.254007
0.965255
2.051915
0.173250
1.679479
0.329344
0.361437
0.308612
0.311005
0.085645
2.392146
0.226265
0.085645
0.291176
0.281979
0.446469
0.798375
0.336551
0.546058
0.293899
0.295019
0.210993
0.609116
1.197907
0.270828
0.496812
0.264157
0.704887
0.196876
1.345613
1.217637
3.019812
0.778279
0.381096
1.263420
2.367120
0.254007
1.206345
0.418583
1.447530
0.226265
0.226265
0.265331
0.518496
0.275805
0.264157
0.254007
0.254007
0.560741
0.450887
0.346832
2.722286
0.813227
0.476372
0.618679
0.270828
0.209404
0.282367
0.311005
0.451237
0.226265
0.296361
0.225011
0.180679
0.228040
0.254007
3.950150
0.367135
0.849159
0.641862
0.849159
0.335892
0.196876
1.102575
0.712590
0.879205
0.237813
0.487152
0.291176
0.894919
0.300090
2.770408
0.254007
0.524005
2.482142
0.254007
0.403789
0.180679
0.198391
0.254007
1.409713
2.626537
0.254007
0.254007
0.254007
1.664900
0.281979
0.281979
0.888093
2.143108
0.855350
2.068120
0.180679
0.196876
0.361437
0.593443
0.886050
0.410121
0.888975
0.264157
1.241469
2.864928
0.599652
0.296361
0.350613
1.267684
1.125579
1.276527
0.215677
1.361811
0.713978
0.296361
3.655503
0.226265
0.226265
0.168696
1.796091
0.085645
1.457730
1.317458
0.761032
0.558247
2.320644
0.618556
0.228913
0.317152
0.295844
0.296361
0.648459
0.724935
1.108666
0.299886
0.443911
0.732929
2.743553
0.405906
0.173250
0.225011
0.498000
0.887661
0.254978
0.681310
0.180679
0.309893
0.226265
1.189331
0.226265
1.447530
0.849159
2.261045
1.917910
1.207619
1.239567
0.699727
0.511868
0.226265
0.496510
0.979207
0.329344
0.272955
1.262467
0.840049
0.755598
0.354337
0.254007
2.563169
0.352707
1.158284
0.168696
1.671011
0.226265
0.196876
1.357006
0.463347
0.385743
0.521747
0.264157
2.019767
2.207566
2.419985
2.307450
2.081696
0.180679
0.226265
0.296361
3.239018
0.386621
0.182664
1.410104
0.182664
0.221691
0.196876
2.379869
3.303105
1.407335
0.254007
1.229381
0.534956
0.415965
0.434042
3.128608
1.370213
0.459525
0.496149
1.156317
2.641825
1.453030
2.052872
0.492676
1.500419
0.714126
1.236439
0.226265
0.619416
0.254007
0.952094
1.252245
0.296361
1.425532
0.405906
2.662977
2.510548
0.466179
0.718655
0.686179
0.421962
0.287757
0.196876
0.194840
0.719894
0.085645
0.168696
0.254007
0.736766
0.360405
0.254007
0.180679
0.428847
0.329344
0.278843
0.339032
0.609077
0.534659
1.428717
1.146254
0.329965
1.068970
1.717002
1.278553
2.276516
0.281979
0.432228
0.188227
0.254007
0.254007
0.254007
0.180679
0.254007
0.180679
0.226265
0.254007
0.446868
0.122174
1.614946
0.180679
0.529777
0.289908
0.281979
0.226265
0.281979
0.281979
0.689177
1.498336
0.691422
0.226265
0.387805
0.354337
0.464724
0.433808
0.275805
0.837918
0.226265
0.226265
2.832294
0.869096
0.405906
0.209404
0.483305
0.752712
0.544634
0.819816
1.877140
0.291176
0.226265
2.124747
0.085645
0.531651
0.311005
0.673612
0.388608
0.673612
0.857755
0.367135
0.631305
1.884469
1.208358
2.580159
0.466590
0.367135
0.296361
0.967442
0.226265
0.264157
1.040437
0.254007
0.290463
0.270828
0.264157
0.254007
2.208850
0.396126
1.026797
0.367135
1.325569
0.254007
0.293386
0.582714
0.646030
0.308850
0.226265
0.226265
0.687599
0.317152
0.317152
0.711226
0.296361
0.296361
0.444566
1.664392
1.217742
0.264157
1.710769
0.350036
1.372163
0.295019
0.296361
1.367588
0.496149
0.390537
0.864923
0.396730
0.199487
0.551459
3.908027
1.607737
0.226265
0.883983
0.226265
0.290463
1.118161
0.254007
0.434839
0.458043
0.264157
0.226265
1.116969
0.264157
0.952727
0.085645
0.085645
0.085645
0.085645
1.143829
1.344698
0.497157
2.312780
0.981374
0.598183
0.343044
0.254007
1.077449
3.006337
1.350100
3.494976
0.641493
0.630591
0.308653
0.386692
0.254007
0.252060
0.226265
0.085645
2.441233
0.510697
0.516627
1.303389
0.933300
1.696703
0.297535
0.690784
1.241469
1.108153
2.677862
0.624052
0.196876
0.226265
1.601487
0.309893
0.264157
0.226265
0.209404
0.498238
0.317152
0.461319
1.381537
0.254007
2.219263
1.037969
0.296361
1.847202
0.296361
0.377125
0.367135
0.701141
1.979036
1.069733
1.288227
0.254007
1.090930
1.266110
0.429137
0.429137
0.671720
2.226133
1.126659
1.487693
0.281979
1.035180
3.374880
1.785578
0.352707
0.649868
0.282571
0.180679
1.806376
0.226265
0.296361
0.336184
0.440701
0.260726
1.363339
0.438145
0.226265
0.386692
1.342595
0.351754
0.449390
1.026772
0.425589
0.586997
0.296361
0.523753
0.226265
0.694049
0.085645
0.226265
0.241442
0.180679
0.409156
1.110976
0.226265
0.826697
2.054725
1.627035
1.408549
2.031070
0.085645
2.587227
2.468876
3.418582
0.202616
0.413468
1.254153
1.719592
1.719592
1.719592
1.719592
0.860839
0.226265
0.180679
0.308653
0.264157
0.285170
0.254007
0.196876
0.222942
0.446078
1.405619
0.226265
0.270828
0.268305
0.528997
0.710136
0.196876
0.260726
0.168696
0.131208
0.226265
1.795341
0.131208
0.226265
0.308612
0.226265
0.180679
0.180679
2.863117
0.296361
2.071274
0.354337
0.669890
0.538622
0.202143
0.644379
0.644379
2.014577
0.558814
0.326325
1.098179
0.736360
0.528997
0.254007
2.268488
1.665003
0.226265
0.311005
1.457669
0.506721
0.925532
0.682111
0.296361
0.841969
1.002361
0.520871
1.200235
0.296361
0.684134
0.545225
0.403016
0.671720
0.657852
0.196876
0.543818
0.254007
1.594643
0.180679
0.717238
0.196876
0.345374
0.523771
0.214437
0.311005
0.505872
0.418583
0.487152
1.010678
0.254007
0.256460
0.226265
0.254007
1.006685
0.449390
0.180679
0.416465
0.490113
0.641336
1.011433
0.226265
0.173250
0.651137
0.180679
3.969632
0.653621
0.909088
0.180679
0.807556
0.074263
2.295309
0.912612
0.200459
0.243472
0.516627
0.874469
0.196876
0.275805
0.296361
0.600138
0.226265
0.254007
0.367135
2.415236
1.161965
0.254007
0.225011
0.690838
0.229556
0.254007
0.296361
0.254007
0.729457
0.367135
0.254007
0.572257
1.045357
0.226265
1.283556
0.405738
0.226265
2.994451
0.463917
0.491258
0.296361
0.671818
0.254007
0.254007
0.317152
0.708343
0.441036
0.659494
0.270828
0.196876
0.449390
0.776231
1.515238
0.225011
0.311005
0.785693
0.329344
0.449390
0.296361
0.364821
0.173250
0.642917
0.535701
1.303022
0.418583
0.308666
0.545942
0.772129
1.715191
0.180679
0.587956
0.709844
0.589616
0.317152
0.264157
0.226265
0.254007
0.254007
0.662304
0.260531
0.243472
0.291176
0.622693
0.461319
2.202893
0.739802
2.244023
0.464724
1.809045
0.512047
0.264157
1.989308
1.287554
2.307230
1.988462
0.924674
0.264157
0.226265
0.226265
0.226265
0.226265
1.219898
1.939954
0.226265
2.191893
0.317152
0.228585
0.727011
0.254007
0.440701
0.198391
0.209404
0.759627
0.505872
0.279052
1.925502
0.613077
0.281979
2.416447
0.311005
0.295938
0.374550
0.695702
0.291176
2.551706
0.592177
0.464574
0.814588
0.296361
0.654220
0.367135
2.641263
0.270404
2.206345
1.206587
2.574751
1.932099
1.261616
0.254007
2.139021
0.560820
0.311005
0.085645
1.026696
1.150858
0.805160
0.805160
0.226265
0.901566
1.051669
1.956150
1.555564
0.293581
0.293581
0.085645
0.085645
0.296361
1.099528
0.764690
0.394754
0.296361
0.865267
2.781060
0.702589
0.085645
3.076192
0.948466
0.669137
0.808870
0.418675
0.405983
0.847602
1.466842
2.013628
2.092349
0.537405
1.214071
1.264515
0.254007
1.134088
0.931729
2.317175
0.254978
0.649394
1.161483
0.432228
0.287150
0.735199
1.046796
0.421962
0.241442
0.241442
1.140298
0.226265
1.150195
0.226265
0.311005
1.594603
0.085645
0.196876
0.587713
2.048701
1.970869
0.254007
0.291176
0.651699
0.309893
0.528997
0.291903
0.265707
0.180679
0.226265
0.226265
0.662692
3.431643
3.595794
1.757979
1.665236
1.325151
2.332960
1.018077
0.226265
0.254007
1.645283
0.193821
0.387904
0.168696
2.809127
0.329344
3.170095
0.270828
0.308653
0.804442
2.906711
0.296361
1.026933
0.254007
0.303432
0.414467
0.376288
0.376288
1.426634
0.498445
1.119997
0.647507
2.151983
0.681658
0.807339
1.056490
1.712347
0.855006
0.241384
0.226265
0.823679
1.042233
0.608418
1.837267
1.978364
0.715355
0.264157
0.866678
0.574625
0.336551
1.147059
1.644884
0.296361
0.387602
0.228040
2.298199
0.578861
0.296361
0.516627
0.763334
1.114084
0.566664
0.254007
0.376288
0.329344
2.676248
0.180679
0.329344
0.456151
2.996631
3.718651
0.680614
1.071724
0.308653
0.398195
0.296361
0.264157
0.411935
0.264157
0.234339
0.500453
1.508138
0.173250
2.152533
1.140854
0.393196
1.121300
1.671066
0.824681
0.425971
0.476425
0.254007
0.280104
1.466607
1.621597
2.425587
0.180679
0.807796
0.180679
0.226265
0.228296
0.228296
0.673502
0.296361
0.296361
0.740442
0.432284
1.441013
2.628623
0.464086
0.539384
1.062356
0.449390
0.649394
0.297831
0.264157
0.209404
0.196876
0.254007
0.254007
0.523083
0.237813
0.348084
0.453206
0.196876
0.296361
0.296361
0.488866
0.198391
0.281979
0.669287
0.296361
0.296361
0.400606
1.537013
0.584647
0.772057
0.254007
0.542196
0.542196
0.611123
0.610617
0.226265
0.275805
0.481671
0.286936
0.296361
0.469921
1.447713
0.831662
0.535701
0.558814
0.617042
0.528997
0.556326
0.336184
0.451237
0.336551
0.777672
2.229099
0.487152
0.311005
2.496095
0.196876
0.379437
2.578997
0.469340
0.352707
0.816238
1.599300
2.018062
1.420848
0.085645
0.457037
0.226265
0.308612
0.308653
0.811545
0.196876
0.173250
0.773358
0.853651
0.329344
1.291735
2.645842
2.897111
2.636934
0.669890
0.264157
0.226265
0.196876
0.960946
2.624291
2.762720
1.739405
0.296361
0.254007
0.296361
0.296361
0.238722
1.089502
0.623897
0.295844
0.226265
1.396514
0.908351
0.925458
0.254007
1.403290
2.788692
2.530261
0.248404
0.431943
2.199476
0.490392
1.949721
1.027087
0.247052
0.329344
0.329344
0.173250
0.254007
1.380598
0.281979
0.627570
0.296361
0.270884
0.396526
0.209404
0.275805
1.091401
0.488866
2.192635
1.916497
0.631462
0.085645
0.522504
0.085645
2.197021
0.085645
0.532584
0.597556
0.528927
0.260531
0.362340
0.228296
1.232486
0.168696
2.454009
0.756694
0.254007
0.404675
0.254007
1.091741
0.296361
0.196876
0.254007
0.180679
0.222942
0.226265
0.311005
0.264157
1.392410
0.490113
0.422328
1.114711
2.465305
1.321581
0.813834
0.281501
0.265707
0.265707
0.895658
0.180679
0.265331
0.366324
0.510878
0.866678
1.193715
0.461319
0.296361
0.254007
1.147357
0.671668
0.282044
0.422798
0.296361
0.296361
0.264157
0.736316
0.254007
0.209404
1.640458
2.179522
0.695932
0.912975
0.311005
0.225011
0.263036
1.033873
0.974970
0.296361
2.172589
1.309139
0.819482
0.390488
0.575925
0.254007
0.816207
2.337400
0.949997
1.760342
3.292925
1.395373
0.296361
0.226265
0.291176
0.085645
0.591589
0.819354
0.829770
1.034920
1.286341
0.378556
1.316875
0.180679
0.317449
0.291176
1.074054
0.724490
0.254007
0.996466
0.226265
2.341393
0.291176
0.254007
0.329344
0.394658
0.334472
0.421962
0.681495
0.296361
1.229449
0.180679
0.180679
3.334979
1.248569
0.215677
0.520424
0.296361
1.719392
0.264157
0.566651
1.135005
0.254007
0.254007
0.326658
0.226265
0.319610
0.622183
0.405906
0.308666
3.192226
0.296361
0.862891
1.567357
2.475171
0.529777
0.299886
1.401463
2.642011
0.254007
0.291176
0.541719
1.894056
1.503060
0.817648
2.007736
2.473063
1.521368
0.336184
0.307938
0.532790
1.272563
0.775680
0.329344
0.226265
0.967898
0.254007
0.532584
0.426036
1.321526
0.209404
1.219245
0.281979
0.850411
1.872084
1.303124
1.206345
0.667067
0.226265
0.577980
1.453960
0.265331
0.226265
0.335892
1.499708
1.294743
0.198391
0.226265
0.180679
2.661710
0.196876
0.260726
3.127382
0.614310
2.823788
2.640907
0.367135
1.131290
0.555206
0.367135
0.575925
0.226265
0.226265
0.475542
2.367292
1.811247
3.030885
1.900023
0.180679
2.910950
2.222243
2.071240
0.866678
0.598644
0.226265
0.556892
0.853792
0.297132
0.199937
1.663481
0.714375
0.311005
0.631964
0.329344
0.560732
0.226265
0.254007
0.268305
0.432376
1.539673
0.367135
0.254007
1.367745
1.367745
0.509818
1.203125
2.039235
0.695044
0.504481
1.521167
1.608504
0.085645
0.379868
2.786464
0.360940
0.264157
0.993077
0.369727
0.388753
1.249898
0.516627
0.483191
0.180679
0.180679
0.254007
0.461319
0.308612
2.200176
0.795850
0.254007
0.291176
0.198391
1.313608
3.843428
2.475606
1.626992
0.085645
0.168696
0.085645
0.209404
0.241442
1.167124
2.474334
0.591566
0.593656
1.436087
0.559238
1.025247
1.955492
0.199937
3.223837
0.480917
3.722976
1.083525
0.386692
0.252060
1.517105
0.168696
2.146667
0.548777
2.197788
0.401499
1.941563
1.395415
1.807561
0.516627
0.254007
0.296361
0.493635
0.180679
0.226265
0.732966
0.484980
0.275805
1.211422
1.590131
0.226265
0.254007
0.085645
0.265309
0.698785
0.275805
0.254007
0.254007
0.264157
0.254007
0.254007
1.544920
1.430890
0.539521
0.570371
0.347675
0.461319
0.966748
1.192578
0.780198
1.629459
0.254007
0.277151
0.209404
0.196876
1.472039
0.296667
0.620275
0.254007
0.230466
0.419070
0.354337
0.946340
0.308850
0.421977
1.805168
4.061205
0.691618
0.278843
0.528997
0.295019
0.296361
0.225011
0.296361
0.633347
1.177225
0.941784
0.662304
1.733036
1.024095
2.012935
0.600385
0.432553
0.529844
1.657992
1.017527
0.414883
0.420974
0.772574
0.902524
0.296361
0.383192
0.226265
0.226265
2.081558
0.443911
1.202882
1.474149
2.004274
1.431692
0.966803
1.110965
0.226265
0.226265
1.237466
0.769995
0.664549
0.886050
1.552758
0.851023
0.694907
0.687482
1.190328
0.740633
0.808323
0.900283
0.970012
0.230466
0.367135
0.230466
0.960452
1.247543
0.708753
0.286260
1.351747
0.890032
1.394119
0.226265
2.207671
1.176527
0.583480
2.157362
0.336184
3.110593
1.398230
3.110593
0.142795
0.528997
1.664860
2.716408
1.547559
0.264157
0.281979
0.565023
0.254007
0.237813
0.522050
0.254007
0.209404
0.196876
1.691531
0.648024
0.296361
0.180679
0.311005
0.225011
0.455799
2.078401
0.254007
0.447533
0.523286
0.311005
0.264157
0.226265
0.336184
0.295019
0.612558
0.296361
0.286710
0.308653
1.902814
0.418266
0.317152
1.705597
1.172194
1.932648
0.479607
0.180679
0.415426
2.045563
0.317152
0.295019
0.308850
0.547560
1.268666
0.626943
0.884151
2.285176
0.264157
0.217258
2.103581
0.862421
1.351925
0.197212
1.225390
3.563922
0.469956
0.254978
1.088864
0.854456
0.708971
0.360405
1.658592
0.296361
0.451237
2.282825
0.196876
0.196876
0.336184
0.397285
0.275805
0.445304
1.331516
0.450042
0.309893
0.237813
0.424202
0.260726
1.230412
0.921042
0.947740
0.296361
0.769839
0.122174
0.547633
0.317152
0.705813
0.270828
0.557486
0.447970
0.296361
1.851964
3.023377
1.536893
0.685901
2.505837
0.346772
0.286104
0.506105
1.098957
1.047220
0.317152
0.440477
0.766856
0.209404
0.296361
0.734785
1.407789
0.180679
0.457861
0.469340
0.281979
1.400633
0.704723
0.354337
0.354337
1.035794
0.292468
1.098957
0.317152
1.425616
0.570726
0.296361
0.300090
1.502904
0.296361
0.414883
0.452166
1.752336
0.308612
0.270828
0.329344
0.629471
0.665985
1.131290
0.215677
0.252911
0.289927
0.198391
1.598702
1.016079
2.220588
0.296361
1.250892
0.198391
0.934130
0.702454
0.311005
0.254007
1.854454
0.651658
0.281979
0.196876
1.097892
2.619221
0.560480
0.281979
1.465766
0.296361
0.490392
1.382864
0.196876
1.998419
2.283243
0.254007
0.682111
0.673833
2.499117
1.716836
0.740867
0.354337
0.180679
0.585955
0.759908
2.701112
0.296361
1.179985
1.191478
0.133368
1.948446
0.542196
0.254007
0.579747
1.642965
0.444566
0.542196
0.542196
0.519258
0.629861
1.127635
1.547264
0.254007
2.016357
0.789537
1.487829
0.168696
0.311005
2.473113
1.864216
2.307360
1.058371
0.420067
1.253758
0.308653
0.678480
0.367513
1.706545
0.368239
0.248404
0.254007
1.261661
1.103147
0.910753
1.207144
0.226265
0.254007
1.969147
0.575659
1.500335
0.701478
1.261437
1.870068
0.471509
0.254007
1.565820
0.254007
2.782916
2.379448
0.296361
0.734258
0.291176
3.136085
0.719420
0.837517
0.254007
0.254007
3.288949
0.558814
0.708723
2.830733
1.143571
2.156486
0.241442
0.560770
0.877591
0.226265
0.226265
0.198391
0.629131
0.291903
0.311005
1.586637
2.346853
0.669890
1.447661
1.379069
2.296319
1.128960
2.712712
0.631964
1.050861
0.281979
0.168696
1.093247
0.225011
0.215677
0.308612
4.059805
1.411411
1.937166
0.619645
2.804162
2.241743
0.286104
0.500419
0.296361
0.254007
0.336184
0.624239
2.104076
0.180679
0.386541
0.326325
0.542196
0.254007
0.180679
0.439527
0.754443
0.226941
1.584170
0.252060
0.360813
0.669370
0.816924
0.254007
1.753941
0.842989
2.237495
1.872174
0.254007
1.131290
0.248689
0.254007
0.593385
0.414618
1.900599
0.322122
0.254007
0.870094
1.479922
0.289338
0.254007
0.610702
0.510714
0.291176
0.291176
1.561466
0.542196
1.709437
2.347530
0.900983
0.180679
0.281979
1.490238
2.096916
1.793545
0.479607
0.518496
1.681873
1.507510
0.180679
0.352707
1.887793
0.168696
0.708201
0.969197
0.990359
0.866678
0.518257
0.289636
0.388478
0.527058
0.299886
0.787552
1.408268
0.528997
0.329344
0.606232
0.682416
1.617256
2.483518
0.336184
2.357462
0.226265
0.803470
0.296361
0.958212
0.951796
2.855024
2.627482
1.180640
0.296361
1.024163
0.467252
0.542196
0.469340
0.296361
0.296361
0.296361
0.542196
0.647835
1.449090
0.414883
0.296361
1.692563
0.336184
1.537913
0.601280
0.772979
1.328898
1.298763
0.574625
0.447317
0.781484
1.060103
0.270828
0.421962
0.386692
0.484320
1.144460
0.607146
2.657509
1.015814
2.532854
1.268733
0.296361
0.264157
0.585179
0.254007
2.000948
0.648178
2.456496
1.083356
0.237813
0.749268
0.254007
0.254007
0.369727
0.329344
2.678672
0.514702
0.556983
0.085645
1.153121
0.226265
0.226265
0.226265
0.618556
0.662304
0.196876
0.226265
1.723244
1.070745
0.569583
0.485567
2.430692
1.317458
0.254007
1.050362
1.173651
1.583202
0.493282
0.226265
1.005214
0.948830
0.296361
0.254007
1.078227
0.367135
0.329344
1.731140
1.206345
0.225011
0.806593
0.321016
0.336184
0.296361
0.228296
0.421289
0.180679
0.281979
0.749760
1.133242
2.149613
0.226265
0.226265
0.395070
0.476625
0.917746
0.740905
0.264157
0.196876
1.131943
0.747564
0.226265
1.073990
0.545151
0.253542
0.085645
0.601472
2.033688
2.209493
1.572348
1.054905
0.451237
0.264157
0.226265
0.847543
0.387602
0.859760
0.532817
1.407750
0.281723
1.775482
2.731088
0.637990
2.066525
0.314904
0.677401
1.749408
1.392650
3.104549
1.021228
1.313450
1.756191
0.296361
0.496149
1.220201
1.003734
0.617342
0.617342
1.051572
1.563466
0.280139
0.264157
0.491258
1.388393
1.474748
0.254007
0.352707
0.226265
0.244536
1.239279
3.118806
4.246280
2.339986
2.203634
1.187554
2.539844
0.525217
0.556996
0.669049
0.296361
0.484980
0.485105
0.781317
1.205960
0.387602
0.296361
0.387602
0.296361
0.180679
0.351754
0.448415
1.178546
1.025842
3.041760
0.335892
0.335892
0.665411
0.631913
0.379511
0.291176
0.291176
0.296361
0.639099
0.254007
0.296361
2.342655
2.142801
0.445852
1.245358
0.226265
0.296361
0.461319
2.960647
0.507897
0.518496
1.903185
1.373615
0.500419
1.328898
0.308850
0.587349
0.636404
3.512611
0.432228
0.708737
0.408375
3.658690
0.927222
0.209404
0.085645
0.296361
0.336184
1.930046
0.515523
0.322879
1.979816
0.296361
0.254007
1.272175
0.275805
0.279217
0.308653
1.194476
0.252060
0.871051
1.475749
1.045971
2.016214
0.336184
2.385497
0.309893
0.969841
2.301303
0.466890
0.296361
0.622183
0.977933
0.270828
0.234872
0.351754
0.282367
1.267684
0.209404
0.254007
0.329344
0.523344
0.523351
0.721265
0.226265
0.274913
0.225011
0.695697
0.515312
0.525217
0.367135
0.367135
1.887167
0.648368
1.079650
1.663901
2.719401
1.604739
1.734649
1.215863
1.068490
0.296361
1.302498
0.500948
0.788687
0.427137
0.296361
0.296361
0.296361
2.848064
0.226265
1.749408
1.529547
0.222942
0.241196
0.473616
0.358771
1.196292
0.226265
1.100261
0.296361
0.617342
0.984959
0.196876
0.981300
0.511242
0.226265
0.329344
1.956323
1.316652
0.226265
1.063834
0.264157
0.667362
0.226265
0.638984
0.502753
0.296361
0.254007
0.296361
0.254007
1.650277
0.552487
2.631545
0.254007
2.515381
0.252911
0.686626
0.296361
1.808117
1.630176
0.209404
0.626030
0.924367
0.350443
0.291176
0.225011
0.367135
0.196876
1.227958
0.296361
0.264296
0.865882
1.206345
0.296361
0.308663
0.085645
1.038959
0.270828
0.316098
0.291176
0.329344
0.296361
0.296361
3.744925
0.270828
0.912142
0.198391
0.254007
0.209404
0.395070
0.783744
0.507560
0.296361
0.626030
0.254007
0.226265
0.281979
0.254007
0.778254
1.105357
0.350443
0.661151
0.264157
0.281979
0.226265
0.421962
0.503411
0.291176
0.530668
0.254007
0.226265
0.254007
0.226265
0.180679
0.296361
0.085645
0.331450
0.217258
0.254007
0.226265
0.449390
0.270828
0.434430
0.529777
0.725009
0.254007
0.270828
0.386692
0.295019
0.367135
0.293363
1.207410
0.840010
0.296361
